Timestamp	GPU_Usage_Percentage	GPU_Total_Mem_Usage	GPU_Total_Mem_Usage_Percentage
1684478640.7738407	0	3	0.0
1684478641.4332771	3	768	0.95
1684478642.0911145	5	1036	1.28
1684478642.7283783	3	1380	1.7
1684478643.3621085	27	1998	2.46
1684478643.9957483	34	1998	2.46
1684478644.627184	45	1998	2.46
1684478645.262702	33	1998	2.46
1684478645.8957512	50	1998	2.46
1684478646.5309808	33	1998	2.46
1684478647.1609526	49	1998	2.46
1684478647.7917333	42	1998	2.46
1684478648.4263856	46	1998	2.46
1684478649.0615172	28	1998	2.46
1684478649.6980844	41	1998	2.46
1684478650.333609	43	1998	2.46
1684478650.9662023	42	1998	2.46
1684478651.6000342	49	1998	2.46
1684478652.2493968	34	1998	2.46
1684478652.8798168	42	1998	2.46
1684478653.537774	35	1998	2.46
1684478654.1876493	30	1998	2.46
1684478654.8220673	48	1998	2.46
1684478655.4534557	43	1998	2.46
1684478656.1042905	49	1998	2.46
1684478656.7394588	31	1998	2.46
1684478657.3959522	41	1998	2.46
1684478658.0312278	42	1998	2.46
1684478658.6717947	48	1998	2.46
1684478659.3017027	27	1998	2.46
1684478659.9336326	34	1998	2.46
1684478660.5665236	46	1998	2.46
1684478661.199352	30	1998	2.46
1684478661.8339193	48	1998	2.46
1684478662.4749138	41	1998	2.46
1684478663.1252484	49	1998	2.46
1684478663.7554095	36	1998	2.46
1684478664.382493	20	1998	2.46
1684478665.016176	49	1998	2.46
1684478665.6499636	34	1998	2.46
1684478666.305103	49	1998	2.46
1684478666.9416006	42	1998	2.46
1684478667.572914	42	1998	2.46
1684478668.2050908	37	1998	2.46
1684478668.8415678	45	1998	2.46
1684478669.4757237	31	1998	2.46
1684478670.127546	50	1998	2.46
1684478670.7806745	50	1998	2.46
1684478671.4112139	34	1998	2.46
1684478672.0516658	46	1998	2.46
1684478672.683442	42	1998	2.46
1684478673.3151984	33	1998	2.46
1684478673.9480317	44	1998	2.46
1684478674.5991156	48	1998	2.46
1684478675.238735	34	1998	2.46
1684478675.8734505	45	1998	2.46
1684478676.5277727	47	1998	2.46
1684478677.1632955	34	1998	2.46
1684478677.7948606	50	1998	2.46
1684478678.4378967	91	2866	3.53
1684478679.0674272	34	2866	3.53
1684478679.6987672	50	2866	3.53
1684478680.3325422	42	2866	3.53
1684478680.9680512	48	2866	3.53
1684478681.6028051	49	2866	3.53
1684478682.2341757	38	2866	3.53
1684478682.8695796	35	2866	3.53
1684478683.5024297	48	2866	3.53
1684478684.1319206	36	2866	3.53
1684478684.7679787	52	2866	3.53
1684478685.400174	49	2866	3.53
1684478686.0334442	51	2866	3.53
1684478686.6686983	44	2866	3.53
1684478687.3020356	50	2866	3.53
1684478687.95858	34	2866	3.53
1684478688.5915384	51	2866	3.53
1684478689.2256398	32	2866	3.53
1684478689.8849854	50	2866	3.53
1684478690.523017	33	2866	3.53
1684478691.1562762	51	2866	3.53
1684478691.7884216	35	2866	3.53
1684478692.4246912	49	2866	3.53
1684478693.0600204	35	2866	3.53
1684478693.7310529	35	2866	3.53
1684478694.3601818	49	2866	3.53
1684478695.0137856	34	2866	3.53
1684478695.6443245	42	2866	3.53
1684478696.2766297	43	2866	3.53
1684478696.9109037	34	2866	3.53
1684478697.5436049	50	2866	3.53
1684478698.171849	52	2866	3.53
1684478698.8030374	34	2866	3.53
1684478699.432488	50	2866	3.53
1684478700.0662065	34	2866	3.53
1684478700.7018754	51	2866	3.53
1684478701.342037	34	2866	3.53
1684478701.97935	41	2866	3.53
1684478702.6119819	35	2866	3.53
1684478703.2448022	41	2866	3.53
1684478703.8846402	34	2866	3.53
1684478704.5183072	47	2866	3.53
1684478705.1560147	31	2866	3.53
1684478705.7915561	50	2866	3.53
1684478706.422929	51	2866	3.53
1684478707.0775647	35	2866	3.53
1684478707.7096052	52	2866	3.53
1684478708.3446062	35	2866	3.53
1684478708.9777417	48	2866	3.53
1684478709.6091402	30	2866	3.53
1684478710.243256	35	2866	3.53
1684478710.8781211	36	2866	3.53
1684478711.5102646	51	2866	3.53
1684478712.1538782	34	2866	3.53
1684478712.8186853	92	2866	3.53
1684478713.4542031	34	2866	3.53
1684478714.0894153	35	2866	3.53
1684478714.7273524	48	2866	3.53
1684478715.363727	35	2866	3.53
1684478715.996511	35	2866	3.53
1684478716.6474113	41	2866	3.53
1684478717.281195	33	2866	3.53
1684478717.9251518	41	2866	3.53
1684478718.5564263	47	2866	3.53
1684478719.1892703	34	2866	3.53
1684478719.8358474	51	2866	3.53
1684478720.4742978	29	2866	3.53
1684478721.135996	35	2866	3.53
1684478721.7705455	42	2866	3.53
1684478722.4027119	52	2866	3.53
1684478723.0365217	39	2866	3.53
1684478723.6684942	49	2866	3.53
1684478724.3241162	31	2866	3.53
1684478724.9600575	39	2866	3.53
1684478725.5921872	35	2866	3.53
1684478726.221205	47	2866	3.53
1684478726.8693957	35	2866	3.53
1684478727.5151858	46	2866	3.53
1684478728.150103	34	2866	3.53
1684478728.795109	49	2866	3.53
1684478729.4302957	43	2866	3.53
1684478730.0621996	51	2866	3.53
1684478730.6952121	34	2866	3.53
1684478731.3277743	51	2866	3.53
1684478731.9670699	35	2866	3.53
1684478732.6019697	49	2866	3.53
1684478733.2357674	50	2866	3.53
1684478733.8670478	36	2866	3.53
1684478734.4969842	49	2866	3.53
1684478735.1524916	42	2866	3.53
1684478735.7880802	52	2866	3.53
1684478736.4210877	49	2866	3.53
1684478737.056174	49	2866	3.53
1684478737.6805782	35	2866	3.53
1684478738.313153	49	2866	3.53
1684478738.9487557	33	2866	3.53
1684478739.5819497	52	2866	3.53
1684478740.2393415	33	2866	3.53
1684478740.872381	50	2866	3.53
1684478741.511389	42	2866	3.53
1684478742.1462545	43	2866	3.53
1684478742.7789743	34	2866	3.53
1684478743.4120522	49	2866	3.53
1684478744.0469427	35	2866	3.53
1684478744.6880307	50	2866	3.53
1684478745.3409548	46	2866	3.53
1684478745.9807982	33	2866	3.53
1684478746.6280346	66	2866	3.53
1684478747.2777593	90	2866	3.53
1684478747.9082744	49	2866	3.53
1684478748.5614033	35	2866	3.53
1684478749.214357	50	2866	3.53
1684478749.858172	34	2866	3.53
1684478750.4939992	50	2866	3.53
1684478751.1333897	34	2866	3.53
1684478751.7814887	35	2866	3.53
1684478752.4142425	43	2866	3.53
1684478753.044415	39	2866	3.53
1684478753.6752555	35	2866	3.53
1684478754.3030605	49	2866	3.53
1684478754.9369664	35	2866	3.53
1684478755.569953	50	2866	3.53
1684478756.200744	35	2866	3.53
1684478756.831597	35	2866	3.53
1684478757.4839137	49	2866	3.53
1684478758.1180468	35	2866	3.53
1684478758.753497	49	2866	3.53
1684478759.3862324	41	2866	3.53
1684478760.0169559	34	2866	3.53
1684478760.6512644	35	2866	3.53
1684478761.283859	49	2866	3.53
1684478761.9175982	35	2866	3.53
1684478762.5472665	51	2866	3.53
1684478763.1797476	35	2866	3.53
1684478763.8108017	49	2866	3.53
1684478764.446397	34	2866	3.53
1684478765.0778253	43	2866	3.53
1684478765.708274	43	2866	3.53
1684478766.3390102	33	2866	3.53
1684478766.9713564	29	2866	3.53
1684478767.6341588	48	2866	3.53
1684478768.2663836	34	2866	3.53
1684478768.8975694	51	2866	3.53
1684478769.5273967	51	2866	3.53
1684478770.1575415	35	2866	3.53
1684478770.7879097	50	2866	3.53
1684478771.4458618	34	2866	3.53
1684478772.0792232	49	2866	3.53
1684478772.713879	34	2866	3.53
1684478773.3447673	48	2866	3.53
1684478773.9779396	51	2866	3.53
1684478774.6085486	49	2866	3.53
1684478775.2421913	35	2866	3.53
1684478775.878113	48	2866	3.53
1684478776.5224047	35	2866	3.53
1684478777.1561835	42	2866	3.53
1684478777.8079484	45	2866	3.53
1684478778.4411347	49	2866	3.53
1684478779.0727253	39	2866	3.53
1684478779.704763	49	2866	3.53
1684478780.3445895	35	2866	3.53
1684478780.9883792	70	2866	3.53
1684478781.6341558	64	2866	3.53
1684478782.2667277	32	2866	3.53
1684478782.8986511	38	2866	3.53
1684478783.5334702	41	2866	3.53
1684478784.1681273	34	2866	3.53
1684478784.8359184	38	2866	3.53
1684478785.470506	50	2866	3.53
1684478786.1519492	35	2866	3.53
1684478786.7941992	49	2866	3.53
1684478787.4325523	32	2866	3.53
1684478788.0866992	51	2866	3.53
1684478788.7381024	42	2866	3.53
1684478789.373801	49	2866	3.53
1684478790.0570219	37	2866	3.53
1684478790.688193	35	2866	3.53
1684478791.3775065	49	2866	3.53
1684478792.0199533	35	2866	3.53
1684478792.6585202	50	2866	3.53
1684478793.2927272	42	2866	3.53
1684478793.9271138	41	2866	3.53
1684478794.5709567	36	2866	3.53
1684478795.2269113	52	2866	3.53
1684478795.857735	30	2866	3.53
1684478796.496452	49	2866	3.53
1684478797.1294172	35	2866	3.53
1684478797.7634149	31	2866	3.53
1684478798.3954442	51	2866	3.53
1684478799.027005	35	2866	3.53
1684478799.6578836	49	2866	3.53
1684478800.2935967	41	2866	3.53
1684478800.923968	34	2866	3.53
1684478801.557453	49	2866	3.53
1684478802.1877105	42	2866	3.53
1684478802.8186924	34	2866	3.53
1684478803.4487627	51	2866	3.53
1684478804.083613	33	2866	3.53
1684478804.717212	47	2866	3.53
1684478805.3500845	42	2866	3.53
1684478805.9817278	35	2866	3.53
1684478806.6136138	35	2866	3.53
1684478807.2475898	42	2866	3.53
1684478807.8855188	35	2866	3.53
1684478808.5178697	51	2866	3.53
1684478809.1516128	35	2866	3.53
1684478809.8029146	51	2866	3.53
1684478810.4343886	49	2866	3.53
1684478811.0675507	35	2866	3.53
1684478811.697656	49	2866	3.53
1684478812.331258	35	2866	3.53
1684478812.9627142	40	2866	3.53
1684478813.59987	39	2866	3.53
1684478814.2315495	35	2866	3.53
1684478814.8836794	35	2866	3.53
1684478815.5226455	91	2866	3.53
1684478816.1516597	34	2866	3.53
1684478816.7811997	50	2866	3.53
1684478817.418521	35	2866	3.53
1684478818.0533533	34	2866	3.53
1684478818.6885965	49	2866	3.53
1684478819.3186753	48	2866	3.53
1684478819.9469235	31	2866	3.53
1684478820.5813057	43	2866	3.53
1684478821.2331	38	2866	3.53
1684478821.8901892	42	2866	3.53
1684478822.5260017	43	2866	3.53
1684478823.18031	35	2866	3.53
1684478823.8333526	34	2866	3.53
1684478824.4931595	48	2866	3.53
1684478825.1391027	30	2866	3.53
1684478825.7892342	35	2866	3.53
1684478826.4199748	48	2866	3.53
1684478827.0523686	35	2866	3.53
1684478827.6881618	41	2866	3.53
1684478828.3190784	36	2866	3.53
1684478828.9537973	30	2866	3.53
1684478829.586279	31	2866	3.53
1684478830.2212582	49	2866	3.53
1684478830.8524275	35	2866	3.53
1684478831.4832659	29	2866	3.53
1684478832.1154847	48	2866	3.53
1684478832.7494278	34	2866	3.53
1684478833.3847134	51	2866	3.53
1684478834.0164933	48	2866	3.53
1684478834.6444786	29	2866	3.53
1684478835.275348	48	2866	3.53
1684478835.9083908	34	2866	3.53
1684478836.5425003	34	2866	3.53
1684478837.1746588	42	2866	3.53
1684478837.804606	33	2866	3.53
1684478838.439816	49	2866	3.53
1684478839.0732348	49	2866	3.53
1684478839.7086246	31	2866	3.53
1684478840.3443632	49	2866	3.53
1684478841.026197	35	2866	3.53
1684478841.7016685	45	2866	3.53
1684478842.36143	52	2866	3.53
1684478842.9986324	45	2866	3.53
1684478843.6365955	41	2866	3.53
1684478844.2753015	49	2866	3.53
1684478844.9109745	50	2866	3.53
1684478845.5652416	35	2866	3.53
1684478846.2009192	50	2866	3.53
1684478846.8335347	41	2866	3.53
1684478847.4705005	52	2866	3.53
1684478848.1059265	49	2866	3.53
1684478848.7433417	46	2866	3.53
1684478849.3982716	33	2866	3.53
1684478850.0429332	92	2866	3.53
1684478850.677186	34	2866	3.53
1684478851.3124714	49	2866	3.53
1684478851.9442973	35	2866	3.53
1684478852.575486	44	2866	3.53
1684478853.2054284	51	2866	3.53
1684478853.8375652	49	2866	3.53
1684478854.4715567	49	2866	3.53
1684478855.1050215	47	2866	3.53
1684478855.7413878	32	2866	3.53
1684478856.374207	49	2866	3.53
1684478857.005096	46	2866	3.53
1684478857.6406615	36	2866	3.53
1684478858.2736118	50	2866	3.53
1684478858.9050272	46	2866	3.53
1684478859.5421097	43	2866	3.53
1684478860.1763697	51	2866	3.53
1684478860.8135064	28	2866	3.53
1684478861.4438357	35	2866	3.53
1684478862.0752664	49	2866	3.53
1684478862.7109742	49	2866	3.53
1684478863.34231	50	2866	3.53
1684478863.9796848	48	2866	3.53
1684478864.615127	42	2866	3.53
1684478865.2468157	48	2866	3.53
1684478865.876698	52	2866	3.53
1684478866.5080478	36	2866	3.53
1684478867.140577	49	2866	3.53
1684478867.7790906	47	2866	3.53
1684478868.4246469	44	2866	3.53
1684478869.0595737	49	2866	3.53
1684478869.6937623	33	2866	3.53
1684478870.3276725	34	2866	3.53
1684478870.9584453	49	2866	3.53
1684478871.5892122	38	2866	3.53
1684478872.2213037	51	2866	3.53
1684478872.8536189	51	2866	3.53
1684478873.4848015	48	2866	3.53
1684478874.1319733	50	2866	3.53
1684478874.7831862	47	2866	3.53
1684478875.4148116	34	2866	3.53
1684478876.0506299	49	2866	3.53
1684478876.6839693	35	2866	3.53
1684478877.3158076	52	2866	3.53
1684478877.9480748	49	2866	3.53
1684478878.582158	49	2866	3.53
1684478879.2109632	34	2866	3.53
1684478879.8421152	49	2866	3.53
1684478880.4732316	35	2866	3.53
1684478881.105237	52	2866	3.53
1684478881.7362473	35	2866	3.53
1684478882.3700953	49	2866	3.53
1684478883.0400133	42	2866	3.53
1684478883.673582	43	2866	3.53
1684478884.4460647	88	2866	3.53
1684478885.084157	34	2866	3.53
1684478885.7149434	49	2866	3.53
1684478886.3966706	35	2866	3.53
1684478887.0311682	49	2866	3.53
1684478887.661303	50	2866	3.53
1684478888.2921705	33	2866	3.53
1684478888.9471912	51	2866	3.53
1684478889.5806718	34	2866	3.53
1684478890.2412555	48	2866	3.53
1684478890.8828151	42	2866	3.53
1684478891.5275688	35	2866	3.53
1684478892.1636443	35	2866	3.53
1684478892.7956924	42	2866	3.53
1684478893.4341571	34	2866	3.53
1684478894.0678477	49	2866	3.53
1684478894.6984339	33	2866	3.53
1684478895.329804	35	2866	3.53
1684478895.95914	51	2866	3.53
1684478896.591284	34	2866	3.53
1684478897.2250156	46	2866	3.53
1684478897.859284	34	2866	3.53
1684478898.492744	35	2866	3.53
1684478899.1241639	41	2866	3.53
1684478899.7550592	49	2866	3.53
1684478900.3857431	31	2866	3.53
1684478901.0188248	49	2866	3.53
1684478901.6541357	30	2866	3.53
1684478902.2885542	37	2866	3.53
1684478902.9223113	43	2866	3.53
1684478903.5544734	34	2866	3.53
1684478904.184457	34	2866	3.53
1684478904.8127334	49	2866	3.53
1684478905.4456494	35	2866	3.53
1684478906.0754428	48	2866	3.53
1684478906.7316616	35	2866	3.53
1684478907.3788526	37	2866	3.53
1684478908.0084224	48	2866	3.53
1684478908.6423135	49	2866	3.53
1684478909.2757587	36	2866	3.53
1684478909.9316723	51	2866	3.53
1684478910.567356	35	2866	3.53
1684478911.2012815	50	2866	3.53
1684478911.8336651	51	2866	3.53
1684478912.4652112	35	2866	3.53
1684478913.099758	49	2866	3.53
1684478913.7343562	45	2866	3.53
1684478914.3686912	42	2866	3.53
1684478915.0064435	49	2866	3.53
1684478915.6423938	35	2866	3.53
1684478916.2750945	32	2866	3.53
1684478916.9098291	40	2866	3.53
1684478917.5432813	50	2866	3.53
1684478918.1914737	33	2866	3.53
1684478918.8388495	90	2866	3.53
1684478919.4765399	42	2866	3.53
1684478920.1119258	36	2866	3.53
1684478920.7457545	35	2866	3.53
1684478921.3783205	48	2866	3.53
1684478922.0112581	34	2866	3.53
1684478922.645189	49	2866	3.53
1684478923.2805033	35	2866	3.53
1684478923.9133847	42	2866	3.53
1684478924.544647	29	2866	3.53
1684478925.1781137	49	2866	3.53
1684478925.809894	34	2866	3.53
1684478926.4433413	50	2866	3.53
1684478927.0765462	34	2866	3.53
1684478927.7082741	51	2866	3.53
1684478928.3417194	35	2866	3.53
1684478928.971082	28	2866	3.53
1684478929.6060376	37	2866	3.53
1684478930.2384572	38	2866	3.53
1684478930.891568	34	2866	3.53
1684478931.5262356	43	2866	3.53
1684478932.1921122	34	2866	3.53
1684478932.8281496	31	2866	3.53
1684478933.461112	48	2866	3.53
1684478934.0929885	31	2866	3.53
1684478934.7254322	34	2866	3.53
1684478935.3592136	46	2866	3.53
1684478935.9916701	34	2866	3.53
1684478936.6251998	49	2866	3.53
1684478937.263623	49	2866	3.53
1684478937.8949885	35	2866	3.53
1684478938.5256336	41	2866	3.53
1684478939.1586192	36	2866	3.53
1684478939.797492	34	2866	3.53
1684478940.4350615	50	2866	3.53
1684478941.0665386	51	2866	3.53
1684478941.6958656	35	2866	3.53
1684478942.3234878	49	2866	3.53
1684478942.9609013	34	2866	3.53
1684478943.5995345	42	2866	3.53
1684478944.2345638	34	2866	3.53
1684478944.8899536	34	2866	3.53
1684478945.532107	41	2866	3.53
1684478946.1628363	50	2866	3.53
1684478946.797317	34	2866	3.53
1684478947.430319	50	2866	3.53
1684478948.0845995	35	2866	3.53
1684478948.7200696	49	2866	3.53
1684478949.3636951	49	2866	3.53
1684478950.0165014	48	2866	3.53
1684478950.6504817	48	2866	3.53
1684478951.2847204	49	2866	3.53
1684478951.9169915	37	2866	3.53
1684478952.5529983	52	2866	3.53
1684478953.1936276	90	2866	3.53
1684478953.8268237	34	2866	3.53
1684478954.458669	49	2866	3.53
1684478955.0905678	29	2866	3.53
1684478955.7268088	34	2866	3.53
1684478956.361184	50	2866	3.53
1684478956.9905667	48	2866	3.53
1684478957.6214578	35	2866	3.53
1684478958.2504573	49	2866	3.53
1684478958.8806534	33	2866	3.53
1684478959.5155187	42	2866	3.53
1684478960.1483305	35	2866	3.53
1684478960.7813005	33	2866	3.53
1684478961.415335	49	2866	3.53
1684478962.0457733	52	2866	3.53
1684478962.677478	35	2866	3.53
1684478963.3061008	51	2866	3.53
1684478963.9382243	34	2866	3.53
1684478964.5713701	42	2866	3.53
1684478965.2065108	35	2866	3.53
1684478965.8398101	33	2866	3.53
1684478966.475373	35	2866	3.53
1684478967.1071332	50	2866	3.53
1684478967.737857	31	2866	3.53
1684478968.3684149	50	2866	3.53
1684478968.9989579	35	2866	3.53
1684478969.6300938	49	2866	3.53
1684478970.265638	35	2866	3.53
1684478970.8963454	32	2866	3.53
1684478971.5295005	33	2866	3.53
1684478972.1625516	49	2866	3.53
1684478972.8176997	34	2866	3.53
1684478973.4509933	43	2866	3.53
1684478974.0865722	35	2866	3.53
1684478974.7208483	34	2866	3.53
1684478975.3547738	41	2866	3.53
1684478975.9818885	50	2866	3.53
1684478976.629978	31	2866	3.53
1684478977.2828288	50	2866	3.53
1684478977.921839	34	2866	3.53
1684478978.5541542	44	2866	3.53
1684478979.189548	48	2866	3.53
1684478979.8168619	50	2866	3.53
1684478980.4467227	42	2866	3.53
1684478981.0802722	51	2866	3.53
1684478981.7468324	35	2866	3.53
1684478982.3791993	49	2866	3.53
1684478983.0546958	49	2866	3.53
1684478983.7198014	41	2866	3.53
1684478984.3564363	49	2866	3.53
1684478984.995544	50	2866	3.53
1684478985.6679204	48	2866	3.53
1684478986.3105397	41	2866	3.53
1684478986.9932442	49	2866	3.53
1684478987.6740963	88	2866	3.53
1684478988.3128953	50	2866	3.53
1684478988.9490597	42	2866	3.53
1684478989.5871584	51	2866	3.53
1684478990.2368202	33	2866	3.53
1684478990.873718	34	2866	3.53
1684478991.5042756	49	2866	3.53
1684478992.1351411	44	2866	3.53
1684478992.7683275	49	2866	3.53
1684478993.4011283	49	2866	3.53
1684478994.033434	51	2866	3.53
1684478994.6670582	49	2866	3.53
1684478995.299609	51	2866	3.53
1684478995.933232	26	2866	3.53
1684478996.567144	49	2866	3.53
1684478997.1982088	41	2866	3.53
1684478997.8336372	49	2866	3.53
1684478998.4771721	49	2866	3.53
1684478999.1112783	45	2866	3.53
1684478999.7411923	34	2866	3.53
1684479000.3701818	49	2866	3.53
1684479001.0030122	35	2866	3.53
1684479001.6328475	52	2866	3.53
1684479002.2681274	35	2866	3.53
1684479002.9001744	50	2866	3.53
1684479003.5374188	35	2866	3.53
1684479004.1668522	39	2866	3.53
1684479004.7994328	41	2866	3.53
1684479005.4280655	43	2866	3.53
1684479006.0583305	36	2866	3.53
1684479006.6899755	51	2866	3.53
1684479007.3216417	34	2866	3.53
1684479007.954874	49	2866	3.53
1684479008.5920737	35	2866	3.53
1684479009.2228208	35	2866	3.53
1684479009.8542933	52	2866	3.53
1684479010.484732	34	2866	3.53
1684479011.1142254	51	2866	3.53
1684479011.7494438	35	2866	3.53
1684479012.381807	36	2866	3.53
1684479013.0149155	50	2866	3.53
1684479013.6464412	48	2866	3.53
1684479014.2780437	34	2866	3.53
1684479014.9073017	50	2866	3.53
1684479015.5393457	35	2866	3.53
1684479016.1713743	49	2866	3.53
1684479016.8059604	35	2866	3.53
1684479017.4373524	43	2866	3.53
1684479018.070053	46	2866	3.53
1684479018.7015858	34	2866	3.53
1684479019.330795	33	2866	3.53
1684479019.9635959	49	2866	3.53
1684479020.6193419	35	2866	3.53
1684479021.2704222	50	2866	3.53
1684479021.9180303	90	2866	3.53
1684479022.5499792	33	2866	3.53
1684479023.2151694	49	2866	3.53
1684479023.8481705	38	2866	3.53
1684479024.488375	35	2866	3.53
1684479025.1203377	52	2866	3.53
1684479025.7525592	42	2866	3.53
1684479026.3815062	35	2866	3.53
1684479027.0101824	48	2866	3.53
1684479027.6467295	35	2866	3.53
1684479028.2807653	49	2866	3.53
1684479028.9127045	32	2866	3.53
1684479029.5435028	51	2866	3.53
1684479030.178369	49	2866	3.53
1684479030.8106897	34	2866	3.53
1684479031.4460268	51	2866	3.53
1684479032.0847712	35	2866	3.53
1684479032.723845	42	2866	3.53
1684479033.3678064	35	2866	3.53
1684479034.0039232	51	2866	3.53
1684479034.6357837	45	2866	3.53
1684479035.2833877	49	2866	3.53
1684479035.9378524	35	2866	3.53
1684479036.5992546	49	2866	3.53
1684479037.236209	46	2866	3.53
1684479037.8673406	42	2866	3.53
1684479038.4992318	50	2866	3.53
1684479039.1307676	50	2866	3.53
1684479039.7674944	49	2866	3.53
1684479040.4035215	49	2866	3.53
1684479041.0584228	51	2866	3.53
1684479041.6867733	35	2866	3.53
1684479042.320713	49	2866	3.53
1684479042.952831	35	2866	3.53
1684479043.5897293	52	2866	3.53
1684479044.2247725	37	2866	3.53
1684479044.8608487	49	2866	3.53
1684479045.492211	35	2866	3.53
1684479046.1220725	51	2866	3.53
1684479046.7568994	33	2866	3.53
1684479047.3879318	51	2866	3.53
1684479048.0416276	35	2866	3.53
1684479048.6757126	52	2866	3.53
1684479049.3122365	36	2866	3.53
1684479049.9414942	42	2866	3.53
1684479050.5785398	35	2866	3.53
1684479051.2105334	50	2866	3.53
1684479051.8480227	35	2866	3.53
1684479052.4793909	48	2866	3.53
1684479053.110847	33	2866	3.53
1684479053.742893	51	2866	3.53
1684479054.371912	50	2866	3.53
1684479055.005436	33	2866	3.53
1684479055.659494	59	2866	3.53
1684479056.3283138	84	2866	3.53
1684479056.9648547	42	2866	3.53
1684479057.5991619	35	2866	3.53
1684479058.2307649	52	2866	3.53
1684479058.8652663	33	2866	3.53
1684479059.5003827	52	2866	3.53
1684479060.1356435	35	2866	3.53
1684479060.7671971	49	2866	3.53
1684479061.401543	42	2866	3.53
1684479062.0299191	43	2866	3.53
1684479062.6841671	35	2866	3.53
1684479063.319876	50	2866	3.53
1684479063.9545443	34	2866	3.53
1684479064.5892563	50	2866	3.53
1684479065.2237358	33	2866	3.53
1684479065.8588266	31	2866	3.53
1684479066.490775	41	2866	3.53
1684479067.123957	47	2866	3.53
1684479067.7555969	34	2866	3.53
1684479068.3895395	50	2866	3.53
1684479069.019874	34	2866	3.53
1684479069.6529562	50	2866	3.53
1684479070.2848427	51	2866	3.53
1684479070.9172175	34	2866	3.53
1684479071.5469058	43	2866	3.53
1684479072.1799946	45	2866	3.53
1684479072.8146913	33	2866	3.53
1684479073.4484546	49	2866	3.53
1684479074.0849159	35	2866	3.53
1684479074.7168076	35	2866	3.53
1684479075.3469448	49	2866	3.53
1684479075.977936	34	2866	3.53
1684479076.6050594	43	2866	3.53
1684479077.2421927	43	2866	3.53
1684479077.874358	34	2866	3.53
1684479078.5279126	52	2866	3.53
1684479079.1582425	51	2866	3.53
1684479079.7910755	35	2866	3.53
1684479080.4239054	49	2866	3.53
1684479081.0583372	34	2866	3.53
1684479081.6947315	51	2866	3.53
1684479082.3504815	35	2866	3.53
1684479082.991085	35	2866	3.53
1684479083.6661863	42	2866	3.53
1684479084.3164582	34	2866	3.53
1684479084.9537597	31	2866	3.53
1684479085.5901408	49	2866	3.53
1684479086.227703	48	2866	3.53
1684479086.8608758	28	2866	3.53
1684479087.5109694	35	2866	3.53
1684479088.147444	49	2866	3.53
1684479088.780112	33	2866	3.53
1684479089.4156961	51	2866	3.53
1684479090.0601263	64	2866	3.53
1684479090.7008064	89	2866	3.53
1684479091.3338642	35	2866	3.53
1684479091.969776	49	2866	3.53
1684479092.6031578	35	2866	3.53
1684479093.2465737	50	2866	3.53
1684479093.887725	49	2866	3.53
1684479094.5186672	35	2866	3.53
1684479095.1488461	51	2866	3.53
1684479095.7796462	34	2866	3.53
1684479096.4116921	48	2866	3.53
1684479097.0437648	42	2866	3.53
1684479097.6789384	34	2866	3.53
1684479098.3140872	31	2866	3.53
1684479098.9459136	48	2866	3.53
1684479099.5785174	44	2866	3.53
1684479100.20884	34	2866	3.53
1684479100.842769	48	2866	3.53
1684479101.476665	35	2866	3.53
1684479102.1106641	49	2866	3.53
1684479102.7441032	34	2866	3.53
1684479103.3691237	35	2866	3.53
1684479104.0025225	29	2866	3.53
1684479104.6339655	52	2866	3.53
1684479105.2655628	34	2866	3.53
1684479105.8996072	47	2866	3.53
1684479106.5362546	43	2866	3.53
1684479107.1680856	48	2866	3.53
1684479107.7987075	35	2866	3.53
1684479108.4296196	50	2866	3.53
1684479109.08292	33	2866	3.53
1684479109.7154083	51	2866	3.53
1684479110.3477395	35	2866	3.53
1684479110.9780397	49	2866	3.53
1684479111.6083548	41	2866	3.53
1684479112.2392895	48	2866	3.53
1684479112.873241	29	2866	3.53
1684479113.5070891	46	2866	3.53
1684479114.144981	32	2866	3.53
1684479114.7779174	49	2866	3.53
1684479115.4130926	41	2866	3.53
1684479116.0445464	43	2866	3.53
1684479116.6806784	34	2866	3.53
1684479117.3141599	45	2866	3.53
1684479117.9478798	35	2866	3.53
1684479118.5814981	46	2866	3.53
1684479119.2140305	38	2866	3.53
1684479119.8467004	48	2866	3.53
1684479120.5013094	34	2866	3.53
1684479121.1322615	51	2866	3.53
1684479121.766125	33	2866	3.53
1684479122.407372	49	2866	3.53
1684479123.0517335	42	2866	3.53
1684479123.6852353	48	2866	3.53
1684479124.3238342	34	2866	3.53
1684479124.96344	89	2866	3.53
1684479125.6248212	92	2866	3.53
1684479126.26321	49	2866	3.53
1684479126.9144928	31	2866	3.53
1684479127.5471046	35	2866	3.53
1684479128.1799705	49	2866	3.53
1684479128.812344	48	2866	3.53
1684479129.4442885	49	2866	3.53
1684479130.0822458	49	2866	3.53
1684479130.7175615	42	2866	3.53
1684479131.3527067	52	2866	3.53
1684479131.9894228	42	2866	3.53
1684479132.6195078	42	2866	3.53
1684479133.2560742	50	2866	3.53
1684479133.8924675	50	2866	3.53
1684479134.528901	35	2866	3.53
1684479135.1650412	49	2866	3.53
1684479135.7996197	34	2866	3.53
1684479136.4338677	41	2866	3.53
1684479137.0655875	49	2866	3.53
1684479137.6945379	50	2866	3.53
1684479138.3320394	38	2866	3.53
1684479138.966723	51	2866	3.53
1684479139.6024544	34	2866	3.53
1684479140.2361083	46	2866	3.53
1684479140.8710344	45	2866	3.53
1684479141.5047448	47	2866	3.53
1684479142.137161	35	2866	3.53
1684479142.7711012	51	2866	3.53
1684479143.4028552	32	2866	3.53
1684479144.0342457	49	2866	3.53
1684479144.6650965	33	2866	3.53
1684479145.2952614	42	2866	3.53
1684479145.9231396	51	2866	3.53
1684479146.560091	45	2866	3.53
1684479147.1930518	35	2866	3.53
1684479147.8241022	49	2866	3.53
1684479148.4568424	33	2866	3.53
1684479149.0886834	51	2866	3.53
1684479149.7187963	51	2866	3.53
1684479150.35096	38	2866	3.53
1684479150.9863358	49	2866	3.53
1684479151.615284	52	2866	3.53
1684479152.2490637	42	2866	3.53
1684479152.8833573	50	2866	3.53
1684479153.5188434	35	2866	3.53
1684479154.1497173	34	2866	3.53
1684479154.7801905	49	2866	3.53
1684479155.4122486	35	2866	3.53
1684479156.052452	49	2866	3.53
1684479156.6914296	45	2866	3.53
1684479157.3250585	51	2866	3.53
1684479157.9556751	50	2866	3.53
1684479158.5867035	52	2866	3.53
1684479159.219168	33	2866	3.53
1684479159.8623614	89	2866	3.53
1684479160.4953918	33	2866	3.53
1684479161.1287467	50	2866	3.53
1684479161.7631571	33	2866	3.53
1684479162.398333	43	2866	3.53
1684479163.032423	49	2866	3.53
1684479163.6707997	49	2866	3.53
1684479164.304057	41	2866	3.53
1684479164.9392576	49	2866	3.53
1684479165.5726585	26	2866	3.53
1684479166.204008	49	2866	3.53
1684479166.8385124	30	2866	3.53
1684479167.4743962	51	2866	3.53
1684479168.1041536	34	2866	3.53
1684479168.735761	49	2866	3.53
1684479169.3660238	33	2866	3.53
1684479170.0013187	47	2866	3.53
1684479170.6319673	34	2866	3.53
1684479171.2653909	36	2866	3.53
1684479171.896808	43	2866	3.53
1684479172.526588	50	2866	3.53
1684479173.1596844	33	2866	3.53
1684479173.79148	48	2866	3.53
1684479174.4263191	29	2866	3.53
1684479175.060727	43	2866	3.53
1684479175.6943185	35	2866	3.53
1684479176.3283982	51	2866	3.53
1684479176.9625432	46	2866	3.53
1684479177.5939608	50	2866	3.53
1684479178.228844	35	2866	3.53
1684479178.8600972	49	2866	3.53
1684479179.5032153	35	2866	3.53
1684479180.1567936	46	2866	3.53
1684479180.7942896	49	2866	3.53
1684479181.448423	49	2866	3.53
1684479182.1458197	49	2866	3.53
1684479182.7846997	29	2866	3.53
1684479183.4179437	49	2866	3.53
1684479184.0769365	34	2866	3.53
1684479184.7098944	49	2866	3.53
1684479185.3749938	49	2866	3.53
1684479186.0560186	51	2866	3.53
1684479186.7009695	34	2866	3.53
1684479187.3410301	49	2866	3.53
1684479187.9798367	34	2866	3.53
1684479188.6169968	48	2866	3.53
1684479189.2552261	35	2866	3.53
1684479189.8870456	49	2866	3.53
1684479190.5189478	31	2866	3.53
1684479191.1550858	50	2866	3.53
1684479191.7887173	33	2866	3.53
1684479192.4218328	51	2866	3.53
1684479193.0570416	49	2866	3.53
1684479193.6892292	35	2866	3.53
1684479194.3534763	87	2866	3.53
1684479194.9914708	44	2866	3.53
1684479195.6315815	32	2866	3.53
1684479196.2850592	34	2866	3.53
1684479196.9154513	49	2866	3.53
1684479197.5485766	35	2866	3.53
1684479198.1787965	50	2866	3.53
1684479198.8114684	44	2866	3.53
1684479199.4452038	49	2866	3.53
1684479200.0875	46	2866	3.53
1684479200.7191312	48	2866	3.53
1684479201.3535178	34	2866	3.53
1684479201.9855764	49	2866	3.53
1684479202.6160786	35	2866	3.53
1684479203.25955	51	2866	3.53
1684479203.894823	43	2866	3.53
1684479204.5284507	50	2866	3.53
1684479205.183917	35	2866	3.53
1684479205.814677	50	2866	3.53
1684479206.4466121	35	2866	3.53
1684479207.0827246	49	2866	3.53
1684479207.7377758	33	2866	3.53
1684479208.3688366	45	2866	3.53
1684479209.0010114	43	2866	3.53
1684479209.6315963	40	2866	3.53
1684479210.2605836	32	2866	3.53
1684479210.8917148	50	2866	3.53
1684479211.5262449	34	2866	3.53
1684479212.1596787	49	2866	3.53
1684479212.792155	33	2866	3.53
1684479213.4249854	34	2866	3.53
1684479214.055895	47	2866	3.53
1684479214.687346	37	2866	3.53
1684479215.3192368	40	2866	3.53
1684479215.9550855	47	2866	3.53
1684479216.589389	34	2866	3.53
1684479217.2250772	50	2866	3.53
1684479217.8568776	51	2866	3.53
1684479218.4855855	34	2866	3.53
1684479219.1301246	49	2866	3.53
1684479219.7603805	34	2866	3.53
1684479220.4153097	48	2866	3.53
1684479221.0571249	42	2866	3.53
1684479221.692809	42	2866	3.53
1684479222.3298252	28	2866	3.53
1684479222.9625452	48	2866	3.53
1684479223.6190507	42	2866	3.53
1684479224.2561178	34	2866	3.53
1684479224.8895476	50	2866	3.53
1684479225.5233028	43	2866	3.53
1684479226.155929	30	2866	3.53
1684479226.7905967	32	2866	3.53
1684479227.4246383	48	2866	3.53
1684479228.0790315	31	2866	3.53
1684479228.7188377	72	2866	3.53
1684479229.3523347	58	2866	3.53
1684479229.9828517	48	2866	3.53
1684479230.61615	49	2866	3.53
1684479231.247162	49	2866	3.53
1684479231.8814764	40	2866	3.53
1684479232.514529	49	2866	3.53
1684479233.148105	35	2866	3.53
1684479233.7836576	33	2866	3.53
1684479234.4174557	47	2866	3.53
1684479235.047106	42	2866	3.53
1684479235.676827	49	2866	3.53
1684479236.3100846	49	2866	3.53
1684479236.940726	42	2866	3.53
1684479237.5730379	46	2866	3.53
1684479238.2058544	35	2866	3.53
1684479238.8354392	35	2866	3.53
1684479239.4715216	49	2866	3.53
1684479240.102516	51	2866	3.53
1684479240.7351437	43	2866	3.53
1684479241.367316	48	2866	3.53
1684479242.0006151	33	2866	3.53
1684479242.6300702	51	2866	3.53
1684479243.2593873	51	2866	3.53
1684479243.8895578	41	2866	3.53
1684479244.5224829	50	2866	3.53
1684479245.1551604	49	2866	3.53
1684479245.7926002	43	2866	3.53
1684479246.4273283	52	2866	3.53
1684479247.0807428	51	2866	3.53
1684479247.7171285	33	2866	3.53
1684479248.369477	51	2866	3.53
1684479249.0051167	34	2866	3.53
1684479249.644381	50	2866	3.53
1684479250.27596	41	2866	3.53
1684479250.9108174	39	2866	3.53
1684479251.5465708	31	2866	3.53
1684479252.1771789	49	2866	3.53
1684479252.8106787	27	2866	3.53
1684479253.44659	49	2866	3.53
1684479254.0841274	47	2866	3.53
1684479254.7181592	36	2866	3.53
1684479255.3516936	34	2866	3.53
1684479255.9835129	49	2866	3.53
1684479256.6124153	36	2866	3.53
1684479257.242074	48	2866	3.53
1684479257.8808393	40	2866	3.53
1684479258.51767	35	2866	3.53
1684479259.152389	35	2866	3.53
1684479259.7855306	42	2866	3.53
1684479260.4178984	51	2866	3.53
1684479261.076805	33	2866	3.53
1684479261.7264247	49	2866	3.53
1684479262.3771439	28	2866	3.53
1684479263.0048935	50	2866	3.53
1684479263.6470628	91	2866	3.53
1684479264.282712	47	2866	3.53
1684479264.9175477	30	2866	3.53
1684479265.5499973	42	2866	3.53
1684479266.1823153	47	2866	3.53
1684479266.8142502	33	2866	3.53
1684479267.449265	34	2866	3.53
1684479268.0831287	49	2866	3.53
1684479268.7143137	29	2866	3.53
1684479269.3460898	44	2866	3.53
1684479269.9805617	40	2866	3.53
1684479270.6296172	34	2866	3.53
1684479271.2635834	35	2866	3.53
1684479271.8938086	51	2866	3.53
1684479272.524953	34	2866	3.53
1684479273.151807	51	2866	3.53
1684479273.788144	35	2866	3.53
1684479274.4216619	50	2866	3.53
1684479275.055997	34	2866	3.53
1684479275.6912372	48	2866	3.53
1684479276.3205838	43	2866	3.53
1684479276.950759	34	2866	3.53
1684479277.6062028	39	2866	3.53
1684479278.2431424	39	2866	3.53
1684479278.8990626	35	2866	3.53
1684479279.53141	35	2866	3.53
1684479280.195687	45	2866	3.53
1684479280.8603067	30	2866	3.53
1684479281.49499	36	2866	3.53
1684479282.1328926	43	2866	3.53
1684479282.764254	46	2866	3.53
1684479283.3959594	31	2866	3.53
1684479284.0720458	31	2866	3.53
1684479284.7333827	50	2866	3.53
1684479285.3671563	32	2866	3.53
1684479286.0023603	33	2866	3.53
1684479286.6376405	34	2866	3.53
1684479287.267252	48	2866	3.53
1684479287.8971548	33	2866	3.53
1684479288.5289116	48	2866	3.53
1684479289.1623094	43	2866	3.53
1684479289.7953744	35	2866	3.53
1684479290.4300787	34	2866	3.53
1684479291.0642567	43	2866	3.53
1684479291.6957045	32	2866	3.53
1684479292.3272176	47	2866	3.53
1684479292.9614344	36	2866	3.53
1684479293.5929465	41	2866	3.53
1684479294.2469661	32	2866	3.53
1684479294.8806512	49	2866	3.53
1684479295.5114264	35	2866	3.53
1684479296.1879818	43	2866	3.53
1684479296.8208046	35	2866	3.53
1684479297.4531348	44	2866	3.53
1684479298.0998123	56	2866	3.53
1684479298.7486615	88	2866	3.53
1684479299.3813837	35	2866	3.53
1684479300.0144033	50	2866	3.53
1684479300.6487508	34	2866	3.53
1684479301.280429	51	2866	3.53
1684479301.9114769	50	2866	3.53
1684479302.543943	31	2866	3.53
1684479303.1718957	37	2866	3.53
1684479303.8057628	47	2866	3.53
1684479304.4381728	34	2866	3.53
1684479305.0704153	49	2866	3.53
1684479305.7029417	35	2866	3.53
1684479306.3334959	31	2866	3.53
1684479306.9616246	41	2866	3.53
1684479307.59092	44	2866	3.53
1684479308.2251794	30	2866	3.53
1684479308.8607638	51	2866	3.53
1684479309.5033486	34	2866	3.53
1684479310.1381407	52	2866	3.53
1684479310.7768004	42	2866	3.53
1684479311.4277027	48	2866	3.53
1684479312.060581	29	2866	3.53
1684479312.6985505	45	2866	3.53
1684479313.332414	46	2866	3.53
1684479313.9674883	35	2866	3.53
1684479314.6020665	32	2866	3.53
1684479315.2353258	47	2866	3.53
1684479315.8680146	43	2866	3.53
1684479316.5288415	41	2866	3.53
1684479317.164887	49	2866	3.53
1684479317.8012178	35	2866	3.53
1684479318.4355342	35	2866	3.53
1684479319.0672047	49	2866	3.53
1684479319.720706	36	2866	3.53
1684479320.378078	50	2866	3.53
1684479321.0136836	48	2866	3.53
1684479321.6466455	49	2866	3.53
1684479322.278728	31	2866	3.53
1684479322.9095588	50	2866	3.53
1684479323.5414436	33	2866	3.53
1684479324.1742249	48	2866	3.53
1684479324.8079774	33	2866	3.53
1684479325.4394665	49	2866	3.53
1684479326.074621	49	2866	3.53
1684479326.7091818	49	2866	3.53
1684479327.3427608	34	2866	3.53
1684479327.999065	46	2866	3.53
1684479328.6361077	33	2866	3.53
1684479329.2680645	49	2866	3.53
1684479329.9032376	34	2866	3.53
1684479330.5341175	34	2866	3.53
1684479331.1642447	43	2866	3.53
1684479331.7963183	41	2866	3.53
1684479332.433883	38	2866	3.53
1684479333.073446	91	2866	3.53
1684479333.7184317	84	2866	3.53
1684479334.3511333	33	2866	3.53
1684479334.9812539	51	2866	3.53
1684479335.6136882	34	2866	3.53
1684479336.2434638	50	2866	3.53
1684479336.8754795	42	2866	3.53
1684479337.508746	49	2866	3.53
1684479338.1436296	47	2866	3.53
1684479338.7754853	35	2866	3.53
1684479339.4090347	39	2866	3.53
1684479340.0395367	49	2866	3.53
1684479340.6727078	49	2866	3.53
1684479341.310716	48	2866	3.53
1684479341.9441333	49	2866	3.53
1684479342.5745094	33	2866	3.53
1684479343.2076993	49	2866	3.53
1684479343.8396165	49	2866	3.53
1684479344.4735317	41	2866	3.53
1684479345.1046326	49	2866	3.53
1684479345.7362323	50	2866	3.53
1684479346.3677294	41	2866	3.53
1684479347.0032778	48	2866	3.53
1684479347.6406834	34	2866	3.53
1684479348.2743344	36	2866	3.53
1684479348.9056127	49	2866	3.53
1684479349.5350702	45	2866	3.53
1684479350.169429	33	2866	3.53
1684479350.805377	47	2866	3.53
1684479351.4409053	37	2866	3.53
1684479352.0765245	34	2866	3.53
1684479352.7111633	28	2866	3.53
1684479353.3440337	42	2866	3.53
1684479353.977375	35	2866	3.53
1684479354.6149673	34	2866	3.53
1684479355.2520273	49	2866	3.53
1684479355.8877423	34	2866	3.53
1684479356.5173604	34	2866	3.53
1684479357.149695	43	2866	3.53
1684479357.785402	35	2866	3.53
1684479358.4160655	28	2866	3.53
1684479359.054371	49	2866	3.53
1684479359.6869345	34	2866	3.53
1684479360.32206	43	2866	3.53
1684479360.952134	42	2866	3.53
1684479361.5862072	34	2866	3.53
1684479362.2190363	35	2866	3.53
1684479362.8740807	42	2866	3.53
1684479363.509651	35	2866	3.53
1684479364.1430848	48	2866	3.53
1684479364.777786	34	2866	3.53
1684479365.4063683	35	2866	3.53
1684479366.034865	50	2866	3.53
1684479366.6666653	33	2866	3.53
1684479367.2981505	45	2866	3.53
1684479367.9407032	89	2866	3.53
1684479368.5843022	75	2866	3.53
1684479369.2156808	48	2866	3.53
1684479369.8453426	50	2866	3.53
1684479370.476214	34	2866	3.53
1684479371.1105769	36	2866	3.53
1684479371.7413878	51	2866	3.53
1684479372.3758206	30	2866	3.53
1684479373.0156777	49	2866	3.53
1684479373.6479542	34	2866	3.53
1684479374.2812612	34	2866	3.53
1684479374.9096303	49	2866	3.53
1684479375.57491	39	2866	3.53
1684479376.2134416	40	2866	3.53
1684479376.8821259	25	2866	3.53
1684479377.5427206	49	2866	3.53
1684479378.1923263	34	2866	3.53
1684479378.8629737	34	2866	3.53
1684479379.4989173	33	2866	3.53
1684479380.1347985	43	2866	3.53
1684479380.8092258	42	2866	3.53
1684479381.445841	36	2866	3.53
1684479382.0811384	49	2866	3.53
1684479382.7187057	31	2866	3.53
1684479383.3514266	35	2866	3.53
1684479383.9815667	50	2866	3.53
1684479384.6130235	33	2866	3.53
1684479385.262536	51	2866	3.53
1684479385.9173234	34	2866	3.53
1684479386.5677762	30	2866	3.53
1684479387.2201195	43	2866	3.53
1684479387.864062	35	2866	3.53
1684479388.5007045	34	2866	3.53
1684479389.1414316	49	2866	3.53
1684479389.77544	33	2866	3.53
1684479390.413131	34	2866	3.53
1684479391.045029	49	2866	3.53
1684479391.6797976	34	2866	3.53
1684479392.316229	50	2866	3.53
1684479392.958124	31	2866	3.53
1684479393.5924113	35	2866	3.53
1684479394.2210953	33	2866	3.53
1684479394.854001	49	2866	3.53
1684479395.4876287	33	2866	3.53
1684479396.1177938	44	2866	3.53
1684479396.7492437	34	2866	3.53
1684479397.382794	35	2866	3.53
1684479398.0176396	41	2866	3.53
1684479398.647517	47	2866	3.53
1684479399.2809129	30	2866	3.53
1684479399.9209552	49	2866	3.53
1684479400.5544424	34	2866	3.53
1684479401.1918843	28	2866	3.53
1684479401.8265495	45	2866	3.53
1684479402.4645228	42	2866	3.53
1684479403.110119	92	2866	3.53
1684479403.7434638	34	2866	3.53
1684479404.374225	51	2866	3.53
1684479405.010084	35	2866	3.53
1684479405.643121	49	2866	3.53
1684479406.2759275	42	2866	3.53
1684479406.9090824	49	2866	3.53
1684479407.5399938	35	2866	3.53
1684479408.1717312	49	2866	3.53
1684479408.8046234	35	2866	3.53
1684479409.435174	51	2866	3.53
1684479410.0653203	34	2866	3.53
1684479410.6984096	49	2866	3.53
1684479411.3314426	35	2866	3.53
1684479411.9644759	46	2866	3.53
1684479412.5955424	35	2866	3.53
1684479413.229891	49	2866	3.53
1684479413.8631477	34	2866	3.53
1684479414.5013306	51	2866	3.53
1684479415.1392982	41	2866	3.53
1684479415.7813325	49	2866	3.53
1684479416.4118388	33	2866	3.53
1684479417.0436223	51	2866	3.53
1684479417.6785	35	2866	3.53
1684479418.312821	49	2866	3.53
1684479418.9483597	34	2866	3.53
1684479419.5806413	49	2866	3.53
1684479420.233286	35	2866	3.53
1684479420.8637097	49	2866	3.53
1684479421.4936023	35	2866	3.53
1684479422.1263463	46	2866	3.53
1684479422.7585406	45	2866	3.53
1684479423.3948941	49	2866	3.53
1684479424.0293546	49	2866	3.53
1684479424.6608467	51	2866	3.53
1684479425.2931976	34	2866	3.53
1684479425.925176	50	2866	3.53
1684479426.5575519	33	2866	3.53
1684479427.199938	49	2866	3.53
1684479427.83467	41	2866	3.53
1684479428.4755704	49	2866	3.53
1684479429.1080465	36	2866	3.53
1684479429.7365284	50	2866	3.53
1684479430.3719342	35	2866	3.53
1684479431.0036314	50	2866	3.53
1684479431.6356823	35	2866	3.53
1684479432.2683916	52	2866	3.53
1684479432.8988245	34	2866	3.53
1684479433.5257196	34	2866	3.53
1684479434.153256	42	2866	3.53
1684479434.7866611	47	2866	3.53
1684479435.4196866	34	2866	3.53
1684479436.0503144	51	2866	3.53
1684479436.6829603	34	2866	3.53
1684479437.3267632	78	2866	3.53
