Timestamp	GPU_Usage_Percentage	GPU_Total_Mem_Usage	GPU_Total_Mem_Usage_Percentage
1684481775.1714647	0	3	0.0
1684481775.8307393	2	750	0.92
1684481776.471041	3	998	1.23
1684481777.102211	3	1358	1.67
1684481777.7420151	36	1998	2.46
1684481778.3787684	31	1998	2.46
1684481779.0162544	41	1998	2.46
1684481779.6715457	46	1998	2.46
1684481780.3065927	43	1998	2.46
1684481780.9372385	32	1998	2.46
1684481781.5657437	49	1998	2.46
1684481782.1984487	41	1998	2.46
1684481782.8298945	32	1998	2.46
1684481783.465494	38	1998	2.46
1684481784.0996244	35	1998	2.46
1684481784.7499154	35	1998	2.46
1684481785.405052	41	1998	2.46
1684481786.0401917	49	1998	2.46
1684481786.6880708	48	1998	2.46
1684481787.3397903	48	1998	2.46
1684481787.9678087	35	1998	2.46
1684481788.5980477	48	1998	2.46
1684481789.2289793	49	1998	2.46
1684481789.866237	41	1998	2.46
1684481790.5049663	42	1998	2.46
1684481791.137511	38	1998	2.46
1684481791.7670946	50	1998	2.46
1684481792.4006946	33	1998	2.46
1684481793.0334413	48	1998	2.46
1684481793.6662965	40	1998	2.46
1684481794.2994673	25	1998	2.46
1684481794.934996	35	1998	2.46
1684481795.5687072	48	1998	2.46
1684481796.2020445	27	1998	2.46
1684481796.8340805	49	1998	2.46
1684481797.4653983	33	1998	2.46
1684481798.0951338	48	1998	2.46
1684481798.7288115	48	1998	2.46
1684481799.3596685	48	1998	2.46
1684481799.99123	47	1998	2.46
1684481800.628086	31	1998	2.46
1684481801.258823	42	1998	2.46
1684481801.8958862	49	1998	2.46
1684481802.5280838	49	1998	2.46
1684481803.1581445	32	1998	2.46
1684481803.7934706	49	1998	2.46
1684481804.4303448	33	1998	2.46
1684481805.0642352	35	1998	2.46
1684481805.6956332	38	1998	2.46
1684481806.3235242	47	1998	2.46
1684481806.9556522	34	1998	2.46
1684481807.5932164	49	1998	2.46
1684481808.2319505	30	1998	2.46
1684481808.8696673	32	1998	2.46
1684481809.5104337	33	1998	2.46
1684481810.142434	49	1998	2.46
1684481810.7776144	35	1998	2.46
1684481811.4200883	42	1998	2.46
1684481812.0542536	41	1998	2.46
1684481812.7150512	33	2736	3.37
1684481813.3620355	90	2866	3.53
1684481813.9910817	35	2866	3.53
1684481814.624799	49	2866	3.53
1684481815.2588034	34	2866	3.53
1684481815.891541	49	2866	3.53
1684481816.5270717	35	2866	3.53
1684481817.1600347	50	2866	3.53
1684481817.791556	51	2866	3.53
1684481818.4224193	32	2866	3.53
1684481819.0513473	48	2866	3.53
1684481819.6837974	41	2866	3.53
1684481820.3167496	36	2866	3.53
1684481820.9503684	47	2866	3.53
1684481821.584905	34	2866	3.53
1684481822.2146199	33	2866	3.53
1684481822.8429818	50	2866	3.53
1684481823.4742439	35	2866	3.53
1684481824.1044986	51	2866	3.53
1684481824.7368598	35	2866	3.53
1684481825.3656704	49	2866	3.53
1684481825.998645	35	2866	3.53
1684481826.6330073	45	2866	3.53
1684481827.2632742	41	2866	3.53
1684481827.8947146	38	2866	3.53
1684481828.5239391	34	2866	3.53
1684481829.1619792	51	2866	3.53
1684481829.7939909	30	2866	3.53
1684481830.4276676	49	2866	3.53
1684481831.0628347	41	2866	3.53
1684481831.6933455	37	2866	3.53
1684481832.3235219	34	2866	3.53
1684481832.9535031	50	2866	3.53
1684481833.5825133	34	2866	3.53
1684481834.2159183	49	2866	3.53
1684481834.8501573	29	2866	3.53
1684481835.4798982	38	2866	3.53
1684481836.114954	35	2866	3.53
1684481836.7446299	43	2866	3.53
1684481837.374062	33	2866	3.53
1684481838.0041592	49	2866	3.53
1684481838.6348348	29	2866	3.53
1684481839.2675333	44	2866	3.53
1684481839.9008203	43	2866	3.53
1684481840.5302951	35	2866	3.53
1684481841.1634576	35	2866	3.53
1684481841.7948868	39	2866	3.53
1684481842.4235485	31	2866	3.53
1684481843.0526352	49	2866	3.53
1684481843.685897	34	2866	3.53
1684481844.3168888	45	2866	3.53
1684481844.9906447	37	2866	3.53
1684481845.6539557	41	2866	3.53
1684481846.287472	32	2866	3.53
1684481846.9179142	50	2866	3.53
1684481847.5707252	89	2866	3.53
1684481848.203532	56	2866	3.53
1684481848.835487	49	2866	3.53
1684481849.4624937	35	2866	3.53
1684481850.0919569	41	2866	3.53
1684481850.7259948	48	2866	3.53
1684481851.359905	31	2866	3.53
1684481851.9930253	49	2866	3.53
1684481852.644501	48	2866	3.53
1684481853.2749145	31	2866	3.53
1684481853.9092784	44	2866	3.53
1684481854.5706842	42	2866	3.53
1684481855.2137406	35	2866	3.53
1684481855.8515182	49	2866	3.53
1684481856.5113578	45	2866	3.53
1684481857.1477075	31	2866	3.53
1684481857.781429	35	2866	3.53
1684481858.4533677	49	2866	3.53
1684481859.0828593	34	2866	3.53
1684481859.7432761	35	2866	3.53
1684481860.4025445	49	2866	3.53
1684481861.040788	34	2866	3.53
1684481861.6752748	28	2866	3.53
1684481862.3149812	48	2866	3.53
1684481862.945499	51	2866	3.53
1684481863.576884	35	2866	3.53
1684481864.2046955	42	2866	3.53
1684481864.8422132	43	2866	3.53
1684481865.494988	34	2866	3.53
1684481866.1411476	50	2866	3.53
1684481866.7745643	48	2866	3.53
1684481867.4088502	34	2866	3.53
1684481868.0394132	50	2866	3.53
1684481868.6736898	33	2866	3.53
1684481869.3081083	49	2866	3.53
1684481869.942636	35	2866	3.53
1684481870.5744731	39	2866	3.53
1684481871.2014985	34	2866	3.53
1684481871.832413	48	2866	3.53
1684481872.4645653	34	2866	3.53
1684481873.1001494	50	2866	3.53
1684481873.733874	38	2866	3.53
1684481874.3680773	40	2866	3.53
1684481875.0041397	49	2866	3.53
1684481875.6361973	43	2866	3.53
1684481876.2703147	34	2866	3.53
1684481876.9023576	49	2866	3.53
1684481877.5321906	34	2866	3.53
1684481878.1678815	49	2866	3.53
1684481878.8009841	34	2866	3.53
1684481879.4383707	43	2866	3.53
1684481880.0705264	43	2866	3.53
1684481880.7029386	33	2866	3.53
1684481881.3360326	34	2866	3.53
1684481881.979676	87	2866	3.53
1684481882.62102	92	2866	3.53
1684481883.2600038	50	2866	3.53
1684481883.8922217	49	2866	3.53
1684481884.5251243	39	2866	3.53
1684481885.1562142	36	2866	3.53
1684481885.7835925	49	2866	3.53
1684481886.417238	35	2866	3.53
1684481887.0527081	51	2866	3.53
1684481887.685057	35	2866	3.53
1684481888.3173146	49	2866	3.53
1684481888.9471838	51	2866	3.53
1684481889.5768862	35	2866	3.53
1684481890.2105856	50	2866	3.53
1684481890.8417752	35	2866	3.53
1684481891.4770005	51	2866	3.53
1684481892.1105301	35	2866	3.53
1684481892.7427092	42	2866	3.53
1684481893.3735638	47	2866	3.53
1684481894.007488	35	2866	3.53
1684481894.6367304	36	2866	3.53
1684481895.2671235	39	2866	3.53
1684481895.8989046	35	2866	3.53
1684481896.5322578	42	2866	3.53
1684481897.1664932	34	2866	3.53
1684481897.817853	35	2866	3.53
1684481898.4607203	50	2866	3.53
1684481899.092102	35	2866	3.53
1684481899.7267034	50	2866	3.53
1684481900.360551	35	2866	3.53
1684481900.9963694	51	2866	3.53
1684481901.6261342	49	2866	3.53
1684481902.2581606	49	2866	3.53
1684481902.8877332	46	2866	3.53
1684481903.5164268	51	2866	3.53
1684481904.1514533	41	2866	3.53
1684481904.7804701	49	2866	3.53
1684481905.415745	35	2866	3.53
1684481906.0548816	49	2866	3.53
1684481906.6866624	49	2866	3.53
1684481907.319927	42	2866	3.53
1684481907.9484208	49	2866	3.53
1684481908.582892	49	2866	3.53
1684481909.2161045	50	2866	3.53
1684481909.8510065	51	2866	3.53
1684481910.483978	42	2866	3.53
1684481911.1272047	33	2866	3.53
1684481911.760884	50	2866	3.53
1684481912.392609	31	2866	3.53
1684481913.0263913	51	2866	3.53
1684481913.6619613	36	2866	3.53
1684481914.2939286	49	2866	3.53
1684481914.9269443	35	2866	3.53
1684481915.5562048	49	2866	3.53
1684481916.194158	90	2866	3.53
1684481916.8222864	47	2866	3.53
1684481917.454366	39	2866	3.53
1684481918.0873928	50	2866	3.53
1684481918.7218575	35	2866	3.53
1684481919.3556347	50	2866	3.53
1684481919.9853814	51	2866	3.53
1684481920.6125603	37	2866	3.53
1684481921.2457469	50	2866	3.53
1684481921.8808908	43	2866	3.53
1684481922.5149984	50	2866	3.53
1684481923.1481051	50	2866	3.53
1684481923.7849858	40	2866	3.53
1684481924.4183247	34	2866	3.53
1684481925.0493026	49	2866	3.53
1684481925.680159	34	2866	3.53
1684481926.3110461	49	2866	3.53
1684481926.941812	43	2866	3.53
1684481927.5744786	49	2866	3.53
1684481928.2117586	49	2866	3.53
1684481928.8467152	43	2866	3.53
1684481929.4788115	36	2866	3.53
1684481930.1111708	49	2866	3.53
1684481930.7493975	49	2866	3.53
1684481931.3879125	35	2866	3.53
1684481932.0226202	49	2866	3.53
1684481932.6547096	34	2866	3.53
1684481933.283596	35	2866	3.53
1684481933.9168713	50	2866	3.53
1684481934.548787	49	2866	3.53
1684481935.1838346	50	2866	3.53
1684481935.815398	49	2866	3.53
1684481936.4876635	36	2866	3.53
1684481937.119081	33	2866	3.53
1684481937.7510495	49	2866	3.53
1684481938.3838694	35	2866	3.53
1684481939.0204062	49	2866	3.53
1684481939.6554248	42	2866	3.53
1684481940.2890937	49	2866	3.53
1684481940.9223626	51	2866	3.53
1684481941.552579	50	2866	3.53
1684481942.1804843	35	2866	3.53
1684481942.809134	49	2866	3.53
1684481943.4445791	33	2866	3.53
1684481944.0781	35	2866	3.53
1684481944.7233891	43	2866	3.53
1684481945.358838	49	2866	3.53
1684481945.9948947	41	2866	3.53
1684481946.629083	49	2866	3.53
1684481947.2565038	50	2866	3.53
1684481947.891979	46	2866	3.53
1684481948.5327954	49	2866	3.53
1684481949.1693904	35	2866	3.53
1684481949.8024626	35	2866	3.53
1684481950.4557445	78	2866	3.53
1684481951.1231027	90	2866	3.53
1684481951.7638216	49	2866	3.53
1684481952.425288	50	2866	3.53
1684481953.057672	46	2866	3.53
1684481953.6949959	28	2866	3.53
1684481954.3547568	28	2866	3.53
1684481954.9905233	48	2866	3.53
1684481955.6451633	46	2866	3.53
1684481956.2754471	33	2866	3.53
1684481956.908638	34	2866	3.53
1684481957.5408666	46	2866	3.53
1684481958.18131	33	2866	3.53
1684481958.8226547	49	2866	3.53
1684481959.4700704	34	2866	3.53
1684481960.0997028	34	2866	3.53
1684481960.7291107	41	2866	3.53
1684481961.3695576	42	2866	3.53
1684481962.0066233	32	2866	3.53
1684481962.6415594	49	2866	3.53
1684481963.2750072	35	2866	3.53
1684481963.9090426	35	2866	3.53
1684481964.5400078	40	2866	3.53
1684481965.1705499	39	2866	3.53
1684481965.8024757	35	2866	3.53
1684481966.4339983	48	2866	3.53
1684481967.0699518	33	2866	3.53
1684481967.7031317	50	2866	3.53
1684481968.3347323	50	2866	3.53
1684481968.9673915	33	2866	3.53
1684481969.5973642	42	2866	3.53
1684481970.227843	35	2866	3.53
1684481970.859011	34	2866	3.53
1684481971.4910753	42	2866	3.53
1684481972.1206374	34	2866	3.53
1684481972.7531495	49	2866	3.53
1684481973.3838053	44	2866	3.53
1684481974.018846	35	2866	3.53
1684481974.64977	49	2866	3.53
1684481975.2802744	35	2866	3.53
1684481975.9118235	48	2866	3.53
1684481976.543536	29	2866	3.53
1684481977.1773891	32	2866	3.53
1684481977.8083303	38	2866	3.53
1684481978.4407222	47	2866	3.53
1684481979.0702813	35	2866	3.53
1684481979.701732	49	2866	3.53
1684481980.331598	33	2866	3.53
1684481980.965957	42	2866	3.53
1684481981.5970562	35	2866	3.53
1684481982.238622	47	2866	3.53
1684481982.8683515	35	2866	3.53
1684481983.4983823	50	2866	3.53
1684481984.1297657	34	2866	3.53
1684481984.7647345	49	2866	3.53
1684481985.4054277	90	2866	3.53
1684481986.0352945	71	2866	3.53
1684481986.6690145	48	2866	3.53
1684481987.299988	42	2866	3.53
1684481987.930255	33	2866	3.53
1684481988.5563405	51	2866	3.53
1684481989.1878293	33	2866	3.53
1684481989.8213665	46	2866	3.53
1684481990.4530725	42	2866	3.53
1684481991.0861793	34	2866	3.53
1684481991.7184367	32	2866	3.53
1684481992.3575797	47	2866	3.53
1684481992.9906657	31	2866	3.53
1684481993.623599	48	2866	3.53
1684481994.261722	36	2866	3.53
1684481994.8941202	40	2866	3.53
1684481995.5278182	49	2866	3.53
1684481996.1689255	42	2866	3.53
1684481996.8000257	34	2866	3.53
1684481997.43448	48	2866	3.53
1684481998.0709379	34	2866	3.53
1684481998.7139935	44	2866	3.53
1684481999.354196	40	2866	3.53
1684481999.9906607	35	2866	3.53
1684482000.6325285	33	2866	3.53
1684482001.276355	49	2866	3.53
1684482001.930225	32	2866	3.53
1684482002.5667067	49	2866	3.53
1684482003.1979496	35	2866	3.53
1684482003.8313558	42	2866	3.53
1684482004.4657192	30	2866	3.53
1684482005.0932338	50	2866	3.53
1684482005.7260318	35	2866	3.53
1684482006.360188	50	2866	3.53
1684482006.9969378	34	2866	3.53
1684482007.630901	48	2866	3.53
1684482008.2639117	42	2866	3.53
1684482008.8954031	35	2866	3.53
1684482009.5255911	35	2866	3.53
1684482010.1574829	42	2866	3.53
1684482010.7964797	33	2866	3.53
1684482011.4332323	46	2866	3.53
1684482012.0658257	50	2866	3.53
1684482012.6975384	34	2866	3.53
1684482013.3307996	35	2866	3.53
1684482013.958971	41	2866	3.53
1684482014.5935163	34	2866	3.53
1684482015.228011	47	2866	3.53
1684482015.8622231	34	2866	3.53
1684482016.4950595	49	2866	3.53
1684482017.1391437	50	2866	3.53
1684482017.7717085	35	2866	3.53
1684482018.4024527	51	2866	3.53
1684482019.0353055	35	2866	3.53
1684482019.6961899	58	2866	3.53
1684482020.3569496	74	2866	3.53
1684482020.9895604	36	2866	3.53
1684482021.6217146	35	2866	3.53
1684482022.255266	51	2866	3.53
1684482022.8890028	33	2866	3.53
1684482023.5198357	46	2866	3.53
1684482024.1510367	34	2866	3.53
1684482024.7833784	35	2866	3.53
1684482025.41472	48	2866	3.53
1684482026.048059	35	2866	3.53
1684482026.6782727	37	2866	3.53
1684482027.3148668	38	2866	3.53
1684482027.9472423	35	2866	3.53
1684482028.5804803	43	2866	3.53
1684482029.2100277	51	2866	3.53
1684482029.84076	35	2866	3.53
1684482030.4713986	49	2866	3.53
1684482031.102426	35	2866	3.53
1684482031.7370493	51	2866	3.53
1684482032.3700264	35	2866	3.53
1684482033.0002837	49	2866	3.53
1684482033.6341813	49	2866	3.53
1684482034.2649739	48	2866	3.53
1684482034.9000185	43	2866	3.53
1684482035.531977	49	2866	3.53
1684482036.1677687	35	2866	3.53
1684482036.800255	43	2866	3.53
1684482037.4312046	34	2866	3.53
1684482038.0652213	38	2866	3.53
1684482038.6951323	43	2866	3.53
1684482039.3255928	46	2866	3.53
1684482039.9542806	33	2866	3.53
1684482040.5824282	42	2866	3.53
1684482041.2156982	35	2866	3.53
1684482041.8457756	33	2866	3.53
1684482042.47771	45	2866	3.53
1684482043.1091223	49	2866	3.53
1684482043.7388964	31	2866	3.53
1684482044.369673	49	2866	3.53
1684482045.0007145	34	2866	3.53
1684482045.6335335	42	2866	3.53
1684482046.2696354	35	2866	3.53
1684482046.906414	35	2866	3.53
1684482047.5370245	42	2866	3.53
1684482048.1722693	50	2866	3.53
1684482048.8166273	39	2866	3.53
1684482049.448261	48	2866	3.53
1684482050.1104403	34	2866	3.53
1684482050.746339	50	2866	3.53
1684482051.3788006	49	2866	3.53
1684482052.0262485	49	2866	3.53
1684482052.6635556	38	2866	3.53
1684482053.2994425	50	2866	3.53
1684482053.9880133	34	2866	3.53
1684482054.6273825	91	2866	3.53
1684482055.2584317	40	2866	3.53
1684482055.9193368	37	2866	3.53
1684482056.5583873	33	2866	3.53
1684482057.1933823	43	2866	3.53
1684482057.8251147	48	2866	3.53
1684482058.4593828	35	2866	3.53
1684482059.090819	42	2866	3.53
1684482059.7253292	35	2866	3.53
1684482060.3735762	30	2866	3.53
1684482061.007446	49	2866	3.53
1684482061.6365378	35	2866	3.53
1684482062.2665548	33	2866	3.53
1684482062.8985178	44	2866	3.53
1684482063.5261745	34	2866	3.53
1684482064.1606162	34	2866	3.53
1684482064.794545	48	2866	3.53
1684482065.423631	34	2866	3.53
1684482066.0549772	48	2866	3.53
1684482066.6840467	48	2866	3.53
1684482067.3136811	34	2866	3.53
1684482067.940515	35	2866	3.53
1684482068.5728157	41	2866	3.53
1684482069.206796	34	2866	3.53
1684482069.837686	49	2866	3.53
1684482070.4705944	34	2866	3.53
1684482071.1013882	49	2866	3.53
1684482071.7293115	49	2866	3.53
1684482072.3606565	33	2866	3.53
1684482072.9947085	42	2866	3.53
1684482073.630218	35	2866	3.53
1684482074.2654061	34	2866	3.53
1684482074.896653	49	2866	3.53
1684482075.5335004	34	2866	3.53
1684482076.1827714	34	2866	3.53
1684482076.8156605	46	2866	3.53
1684482077.4475164	33	2866	3.53
1684482078.0839272	34	2866	3.53
1684482078.7186878	45	2866	3.53
1684482079.3536365	33	2866	3.53
1684482080.0022488	28	2866	3.53
1684482080.6359062	49	2866	3.53
1684482081.2712514	34	2866	3.53
1684482081.9036956	28	2866	3.53
1684482082.537848	50	2866	3.53
1684482083.1737027	42	2866	3.53
1684482083.8078604	27	2866	3.53
1684482084.4468606	27	2866	3.53
1684482085.0780787	43	2866	3.53
1684482085.7070863	43	2866	3.53
1684482086.3430943	34	2866	3.53
1684482086.9773285	49	2866	3.53
1684482087.6121566	39	2866	3.53
1684482088.2426467	49	2866	3.53
1684482088.892211	35	2866	3.53
1684482089.5325036	88	2866	3.53
1684482090.1629102	28	2866	3.53
1684482090.798917	48	2866	3.53
1684482091.4351962	32	2866	3.53
1684482092.0816772	33	2866	3.53
1684482092.721454	34	2866	3.53
1684482093.3532503	51	2866	3.53
1684482093.9821157	34	2866	3.53
1684482094.6140175	49	2866	3.53
1684482095.246317	35	2866	3.53
1684482095.8782547	41	2866	3.53
1684482096.5132742	36	2866	3.53
1684482097.1475317	49	2866	3.53
1684482097.7757204	34	2866	3.53
1684482098.406166	50	2866	3.53
1684482099.0425854	35	2866	3.53
1684482099.6790066	40	2866	3.53
1684482100.3256052	36	2866	3.53
1684482100.9579754	47	2866	3.53
1684482101.5890095	35	2866	3.53
1684482102.2273126	49	2866	3.53
1684482102.8595665	34	2866	3.53
1684482103.4893827	40	2866	3.53
1684482104.1247125	43	2866	3.53
1684482104.7594888	34	2866	3.53
1684482105.3948202	30	2866	3.53
1684482106.0276656	34	2866	3.53
1684482106.6555624	42	2866	3.53
1684482107.2890854	34	2866	3.53
1684482107.9234107	49	2866	3.53
1684482108.5523894	35	2866	3.53
1684482109.1858265	48	2866	3.53
1684482109.8173609	34	2866	3.53
1684482110.4485064	49	2866	3.53
1684482111.077733	35	2866	3.53
1684482111.711404	49	2866	3.53
1684482112.3454833	29	2866	3.53
1684482112.9780593	40	2866	3.53
1684482113.6171436	46	2866	3.53
1684482114.2489467	49	2866	3.53
1684482114.87973	42	2866	3.53
1684482115.5211215	33	2866	3.53
1684482116.150752	50	2866	3.53
1684482116.7828803	33	2866	3.53
1684482117.4137022	44	2866	3.53
1684482118.0754952	39	2866	3.53
1684482118.7044518	36	2866	3.53
1684482119.355035	40	2866	3.53
1684482119.987439	43	2866	3.53
1684482120.6209643	35	2866	3.53
1684482121.254376	49	2866	3.53
1684482121.8906295	34	2866	3.53
1684482122.5205545	40	2866	3.53
1684482123.150906	34	2866	3.53
1684482123.7848594	51	2866	3.53
1684482124.4512877	93	2866	3.53
1684482125.0961363	45	2866	3.53
1684482125.746442	49	2866	3.53
1684482126.3768475	35	2866	3.53
1684482127.0075626	43	2866	3.53
1684482127.6397781	50	2866	3.53
1684482128.2710128	44	2866	3.53
1684482128.9034154	47	2866	3.53
1684482129.5355995	35	2866	3.53
1684482130.1698537	49	2866	3.53
1684482130.8014007	48	2866	3.53
1684482131.4329789	42	2866	3.53
1684482132.061088	50	2866	3.53
1684482132.697042	49	2866	3.53
1684482133.3304658	48	2866	3.53
1684482133.9650598	44	2866	3.53
1684482134.5990188	32	2866	3.53
1684482135.2269154	50	2866	3.53
1684482135.8572812	46	2866	3.53
1684482136.4893427	50	2866	3.53
1684482137.1419053	35	2866	3.53
1684482137.775444	50	2866	3.53
1684482138.418666	34	2866	3.53
1684482139.0514145	43	2866	3.53
1684482139.684515	49	2866	3.53
1684482140.319353	49	2866	3.53
1684482140.9532018	41	2866	3.53
1684482141.5857062	49	2866	3.53
1684482142.2197669	35	2866	3.53
1684482142.8549662	50	2866	3.53
1684482143.487431	47	2866	3.53
1684482144.1176322	50	2866	3.53
1684482144.7556746	38	2866	3.53
1684482145.393925	43	2866	3.53
1684482146.0315385	30	2866	3.53
1684482146.690027	43	2866	3.53
1684482147.3242729	48	2866	3.53
1684482147.9806018	40	2866	3.53
1684482148.617815	35	2866	3.53
1684482149.2952573	49	2866	3.53
1684482149.9279997	50	2866	3.53
1684482150.5799723	47	2866	3.53
1684482151.2332911	36	2866	3.53
1684482151.8771594	50	2866	3.53
1684482152.5456684	49	2866	3.53
1684482153.1976666	43	2866	3.53
1684482153.8319223	49	2866	3.53
1684482154.4962075	49	2866	3.53
1684482155.154034	43	2866	3.53
1684482155.790132	34	2866	3.53
1684482156.425616	49	2866	3.53
1684482157.0813735	35	2866	3.53
1684482157.7234192	47	2866	3.53
1684482158.3561041	39	2866	3.53
1684482158.9968777	61	2866	3.53
1684482159.6357288	74	2866	3.53
1684482160.2644682	49	2866	3.53
1684482160.8961048	39	2866	3.53
1684482161.5283082	50	2866	3.53
1684482162.1611638	33	2866	3.53
1684482162.8159065	49	2866	3.53
1684482163.448607	49	2866	3.53
1684482164.0791063	49	2866	3.53
1684482164.7104592	49	2866	3.53
1684482165.3405707	48	2866	3.53
1684482165.975463	35	2866	3.53
1684482166.6064425	50	2866	3.53
1684482167.2401583	35	2866	3.53
1684482167.8713157	39	2866	3.53
1684482168.505881	46	2866	3.53
1684482169.1417646	49	2866	3.53
1684482169.7739394	35	2866	3.53
1684482170.4074004	49	2866	3.53
1684482171.0448284	32	2866	3.53
1684482171.675819	48	2866	3.53
1684482172.3071148	42	2866	3.53
1684482172.935105	45	2866	3.53
1684482173.562248	29	2866	3.53
1684482174.1876116	49	2866	3.53
1684482174.823131	31	2866	3.53
1684482175.4570603	33	2866	3.53
1684482176.093374	48	2866	3.53
1684482176.7272956	34	2866	3.53
1684482177.3554564	35	2866	3.53
1684482177.982685	50	2866	3.53
1684482178.6132793	34	2866	3.53
1684482179.2442224	50	2866	3.53
1684482179.8766205	33	2866	3.53
1684482180.5144126	35	2866	3.53
1684482181.1528218	41	2866	3.53
1684482181.7870126	47	2866	3.53
1684482182.4229105	34	2866	3.53
1684482183.0590613	27	2866	3.53
1684482183.6934848	42	2866	3.53
1684482184.3277287	45	2866	3.53
1684482184.9681299	31	2866	3.53
1684482185.6139667	35	2866	3.53
1684482186.2459931	45	2866	3.53
1684482186.87432	34	2866	3.53
1684482187.5284996	42	2866	3.53
1684482188.161669	48	2866	3.53
1684482188.793517	32	2866	3.53
1684482189.4248655	50	2866	3.53
1684482190.053383	45	2866	3.53
1684482190.6846673	32	2866	3.53
1684482191.3160822	43	2866	3.53
1684482191.9502494	40	2866	3.53
1684482192.5865178	34	2866	3.53
1684482193.2188385	50	2866	3.53
1684482193.8843467	83	2866	3.53
1684482194.517355	78	2866	3.53
1684482195.144254	48	2866	3.53
1684482195.7770076	39	2866	3.53
1684482196.4285808	46	2866	3.53
1684482197.059551	43	2866	3.53
1684482197.6922884	34	2866	3.53
1684482198.3220983	48	2866	3.53
1684482198.9499557	48	2866	3.53
1684482199.6049635	46	2866	3.53
1684482200.2431543	29	2866	3.53
1684482200.8774836	41	2866	3.53
1684482201.5076761	43	2866	3.53
1684482202.135986	48	2866	3.53
1684482202.768095	34	2866	3.53
1684482203.400355	27	2866	3.53
1684482204.0270216	50	2866	3.53
1684482204.6610925	33	2866	3.53
1684482205.294698	46	2866	3.53
1684482205.9289634	37	2866	3.53
1684482206.5643468	34	2866	3.53
1684482207.2084386	35	2866	3.53
1684482207.8402414	42	2866	3.53
1684482208.4785364	32	2866	3.53
1684482209.1382308	50	2866	3.53
1684482209.7763271	34	2866	3.53
1684482210.408553	34	2866	3.53
1684482211.04207	41	2866	3.53
1684482211.6785889	36	2866	3.53
1684482212.3154237	34	2866	3.53
1684482212.9504042	50	2866	3.53
1684482213.5843873	32	2866	3.53
1684482214.2178793	46	2866	3.53
1684482214.8498728	40	2866	3.53
1684482215.4796855	38	2866	3.53
1684482216.1121564	34	2866	3.53
1684482216.7475104	44	2866	3.53
1684482217.387215	35	2866	3.53
1684482218.019315	32	2866	3.53
1684482218.6497984	48	2866	3.53
1684482219.2832544	46	2866	3.53
1684482219.9165194	32	2866	3.53
1684482220.54765	42	2866	3.53
1684482221.1818075	43	2866	3.53
1684482221.8176572	34	2866	3.53
1684482222.4520798	48	2866	3.53
1684482223.086559	50	2866	3.53
1684482223.7149124	35	2866	3.53
1684482224.345587	46	2866	3.53
1684482224.9802163	42	2866	3.53
1684482225.6148698	35	2866	3.53
1684482226.251891	49	2866	3.53
1684482226.8867352	33	2866	3.53
1684482227.5242968	34	2866	3.53
1684482228.1596909	45	2866	3.53
1684482228.793765	36	2866	3.53
1684482229.4375126	91	2866	3.53
1684482230.0740385	50	2866	3.53
1684482230.7073746	42	2866	3.53
1684482231.3419452	50	2866	3.53
1684482231.973548	48	2866	3.53
1684482232.6032891	32	2866	3.53
1684482233.2364213	51	2866	3.53
1684482233.86806	44	2866	3.53
1684482234.5012066	36	2866	3.53
1684482235.1331966	49	2866	3.53
1684482235.7644823	33	2866	3.53
1684482236.3939743	38	2866	3.53
1684482237.0233195	48	2866	3.53
1684482237.6539702	50	2866	3.53
1684482238.2860968	48	2866	3.53
1684482238.9160326	50	2866	3.53
1684482239.547682	35	2866	3.53
1684482240.1815886	49	2866	3.53
1684482240.8119972	35	2866	3.53
1684482241.4404936	48	2866	3.53
1684482242.0703866	49	2866	3.53
1684482242.6981492	49	2866	3.53
1684482243.3269825	43	2866	3.53
1684482243.958451	50	2866	3.53
1684482244.5901952	29	2866	3.53
1684482245.2254918	48	2866	3.53
1684482245.874554	35	2866	3.53
1684482246.5327148	49	2866	3.53
1684482247.187321	48	2866	3.53
1684482247.8419414	49	2866	3.53
1684482248.4738717	41	2866	3.53
1684482249.1070979	34	2866	3.53
1684482249.762293	50	2866	3.53
1684482250.3947284	35	2866	3.53
1684482251.0558274	48	2866	3.53
1684482251.7069552	45	2866	3.53
1684482252.3395503	49	2866	3.53
1684482253.0161953	31	2866	3.53
1684482253.6473362	50	2866	3.53
1684482254.2868075	41	2866	3.53
1684482254.9208653	49	2866	3.53
1684482255.5511186	34	2866	3.53
1684482256.181107	48	2866	3.53
1684482256.8113875	33	2866	3.53
1684482257.4422655	47	2866	3.53
1684482258.0766897	36	2866	3.53
1684482258.707475	50	2866	3.53
1684482259.3429801	48	2866	3.53
1684482259.9732976	48	2866	3.53
1684482260.6088793	33	2866	3.53
1684482261.2383776	49	2866	3.53
1684482261.8716033	33	2866	3.53
1684482262.5042627	50	2866	3.53
1684482263.138534	34	2866	3.53
1684482263.783366	67	2866	3.53
1684482264.4161186	69	2866	3.53
1684482265.046442	49	2866	3.53
1684482265.677365	49	2866	3.53
1684482266.3108592	49	2866	3.53
1684482266.9464679	41	2866	3.53
1684482267.5867457	49	2866	3.53
1684482268.2210734	33	2866	3.53
1684482268.8539534	37	2866	3.53
1684482269.483909	50	2866	3.53
1684482270.11567	49	2866	3.53
1684482270.7480218	39	2866	3.53
1684482271.3798685	49	2866	3.53
1684482272.0128615	33	2866	3.53
1684482272.6467466	48	2866	3.53
1684482273.2771425	47	2866	3.53
1684482273.9312787	44	2866	3.53
1684482274.5692225	31	2866	3.53
1684482275.2033193	36	2866	3.53
1684482275.8412776	48	2866	3.53
1684482276.4762588	33	2866	3.53
1684482277.1080637	35	2866	3.53
1684482277.7397192	49	2866	3.53
1684482278.370766	35	2866	3.53
1684482279.0005372	42	2866	3.53
1684482279.6323154	35	2866	3.53
1684482280.2687206	34	2866	3.53
1684482280.9033675	49	2866	3.53
1684482281.5409362	35	2866	3.53
1684482282.173653	35	2866	3.53
1684482282.8053427	33	2866	3.53
1684482283.4360802	50	2866	3.53
1684482284.070277	35	2866	3.53
1684482284.701046	48	2866	3.53
1684482285.336687	48	2866	3.53
1684482285.9658027	34	2866	3.53
1684482286.5981753	34	2866	3.53
1684482287.2414958	49	2866	3.53
1684482287.8796196	35	2866	3.53
1684482288.5121334	38	2866	3.53
1684482289.1433063	46	2866	3.53
1684482289.7748222	35	2866	3.53
1684482290.4304585	35	2866	3.53
1684482291.0630574	47	2866	3.53
1684482291.6976573	30	2866	3.53
1684482292.3494213	34	2866	3.53
1684482292.9823923	49	2866	3.53
1684482293.6159894	35	2866	3.53
1684482294.2472916	50	2866	3.53
1684482294.8785603	33	2866	3.53
1684482295.506626	47	2866	3.53
1684482296.1416392	34	2866	3.53
1684482296.7847733	48	2866	3.53
1684482297.4179275	50	2866	3.53
1684482298.066577	46	2866	3.53
1684482298.698372	34	2866	3.53
1684482299.360983	92	2866	3.53
1684482300.0307221	31	2866	3.53
1684482300.7001452	38	2866	3.53
1684482301.3289077	50	2866	3.53
1684482301.9589229	50	2866	3.53
1684482302.5888731	49	2866	3.53
1684482303.220575	50	2866	3.53
1684482303.8523822	40	2866	3.53
1684482304.486637	47	2866	3.53
1684482305.1202486	31	2866	3.53
1684482305.750498	45	2866	3.53
1684482306.3796291	49	2866	3.53
1684482307.007377	47	2866	3.53
1684482307.6393409	33	2866	3.53
1684482308.2906945	50	2866	3.53
1684482308.9210608	33	2866	3.53
1684482309.5503185	47	2866	3.53
1684482310.1815531	50	2866	3.53
1684482310.8123229	44	2866	3.53
1684482311.4404461	31	2866	3.53
1684482312.0961208	49	2866	3.53
1684482312.7291965	35	2866	3.53
1684482313.3627522	37	2866	3.53
1684482313.9953663	45	2866	3.53
1684482314.6285117	50	2866	3.53
1684482315.2601495	34	2866	3.53
1684482315.8920224	46	2866	3.53
1684482316.5254574	35	2866	3.53
1684482317.1624007	45	2866	3.53
1684482317.7934785	34	2866	3.53
1684482318.4196858	50	2866	3.53
1684482319.0511813	42	2866	3.53
1684482319.683231	43	2866	3.53
1684482320.320838	35	2866	3.53
1684482320.9568553	41	2866	3.53
1684482321.5881305	37	2866	3.53
1684482322.2221735	35	2866	3.53
1684482322.8533316	49	2866	3.53
1684482323.4850137	49	2866	3.53
1684482324.1188517	29	2866	3.53
1684482324.75212	35	2866	3.53
1684482325.386712	42	2866	3.53
1684482326.0232282	34	2866	3.53
1684482326.6570337	47	2866	3.53
1684482327.287824	48	2866	3.53
1684482327.9134235	31	2866	3.53
1684482328.5468676	33	2866	3.53
1684482329.1783273	45	2866	3.53
1684482329.8076124	32	2866	3.53
1684482330.4392102	50	2866	3.53
1684482331.0739472	34	2866	3.53
1684482331.707274	30	2866	3.53
1684482332.3435168	33	2866	3.53
1684482332.9843915	43	2866	3.53
1684482333.6385014	29	2866	3.53
1684482334.2832408	92	2866	3.53
1684482334.921399	41	2866	3.53
1684482335.5543296	47	2866	3.53
1684482336.2028186	48	2866	3.53
1684482336.8362653	43	2866	3.53
1684482337.4689617	47	2866	3.53
1684482338.104376	29	2866	3.53
1684482338.7409453	49	2866	3.53
1684482339.3776991	35	2866	3.53
1684482340.0091755	49	2866	3.53
1684482340.6394203	48	2866	3.53
1684482341.26935	49	2866	3.53
1684482341.9021199	34	2866	3.53
1684482342.5386353	50	2866	3.53
1684482343.1802385	34	2866	3.53
1684482343.812085	49	2866	3.53
1684482344.4443762	50	2866	3.53
1684482345.073348	48	2866	3.53
1684482345.7156985	50	2866	3.53
1684482346.3747244	49	2866	3.53
1684482347.014128	35	2866	3.53
1684482347.6808708	30	2866	3.53
1684482348.3122828	49	2866	3.53
1684482348.960201	49	2866	3.53
1684482349.5967016	48	2866	3.53
1684482350.2545245	47	2866	3.53
1684482350.887684	50	2866	3.53
1684482351.5203297	34	2866	3.53
1684482352.198567	49	2866	3.53
1684482352.8337147	43	2866	3.53
1684482353.4676764	48	2866	3.53
1684482354.0994735	33	2866	3.53
1684482354.7333848	49	2866	3.53
1684482355.3774817	35	2866	3.53
1684482356.0101757	48	2866	3.53
1684482356.6624498	49	2866	3.53
1684482357.2975345	42	2866	3.53
1684482357.9295907	34	2866	3.53
1684482358.5595307	49	2866	3.53
1684482359.1892238	35	2866	3.53
1684482359.8185139	50	2866	3.53
1684482360.4501057	35	2866	3.53
1684482361.0865026	48	2866	3.53
1684482361.7226727	49	2866	3.53
1684482362.3541615	33	2866	3.53
1684482362.984379	41	2866	3.53
1684482363.6151628	40	2866	3.53
1684482364.2487125	49	2866	3.53
1684482364.881355	35	2866	3.53
1684482365.515079	40	2866	3.53
1684482366.1487305	36	2866	3.53
1684482366.7872756	28	2866	3.53
1684482367.4178274	33	2866	3.53
1684482368.0474358	45	2866	3.53
1684482368.6801784	36	2866	3.53
1684482369.329991	90	2866	3.53
1684482369.9670827	44	2866	3.53
1684482370.5986764	31	2866	3.53
1684482371.232926	49	2866	3.53
1684482371.8618786	49	2866	3.53
1684482372.4937654	42	2866	3.53
1684482373.1261396	34	2866	3.53
1684482373.7603161	49	2866	3.53
1684482374.391382	34	2866	3.53
1684482375.024495	50	2866	3.53
1684482375.6576695	33	2866	3.53
1684482376.2901216	34	2866	3.53
1684482376.9210753	50	2866	3.53
1684482377.5494332	35	2866	3.53
1684482378.1807556	37	2866	3.53
1684482378.8157957	46	2866	3.53
1684482379.45017	34	2866	3.53
1684482380.0818863	51	2866	3.53
1684482380.7117045	49	2866	3.53
1684482381.3404925	35	2866	3.53
1684482381.9721398	50	2866	3.53
1684482382.6039138	33	2866	3.53
1684482383.2332678	44	2866	3.53
1684482383.8661273	40	2866	3.53
1684482384.4989228	35	2866	3.53
1684482385.1347694	50	2866	3.53
1684482385.767308	48	2866	3.53
1684482386.397464	35	2866	3.53
1684482387.028005	49	2866	3.53
1684482387.6631782	41	2866	3.53
1684482388.2989397	35	2866	3.53
1684482388.9300442	49	2866	3.53
1684482389.56476	34	2866	3.53
1684482390.198216	35	2866	3.53
1684482390.8303711	49	2866	3.53
1684482391.4789412	35	2866	3.53
1684482392.1118066	32	2866	3.53
1684482392.7452636	50	2866	3.53
1684482393.3759825	29	2866	3.53
1684482394.0075166	45	2866	3.53
1684482394.644616	28	2866	3.53
1684482395.2941728	49	2866	3.53
1684482395.9242952	31	2866	3.53
1684482396.5558248	42	2866	3.53
1684482397.211811	50	2866	3.53
1684482397.8616834	50	2866	3.53
1684482398.499064	34	2866	3.53
1684482399.130788	49	2866	3.53
1684482399.762624	49	2866	3.53
1684482400.3947163	41	2866	3.53
1684482401.031922	45	2866	3.53
1684482401.663219	35	2866	3.53
1684482402.3000193	44	2866	3.53
1684482402.9309204	50	2866	3.53
1684482403.5599673	49	2866	3.53
1684482404.2053702	92	2866	3.53
1684482404.8379633	46	2866	3.53
1684482405.4720273	34	2866	3.53
1684482406.1006289	46	2866	3.53
1684482406.7298477	43	2866	3.53
1684482407.3616097	35	2866	3.53
1684482407.9927921	34	2866	3.53
1684482408.624334	43	2866	3.53
1684482409.2587233	33	2866	3.53
1684482409.8886797	43	2866	3.53
1684482410.5219884	43	2866	3.53
1684482411.1562808	48	2866	3.53
1684482411.787082	31	2866	3.53
1684482412.4175005	49	2866	3.53
1684482413.0483284	36	2866	3.53
1684482413.684561	35	2866	3.53
1684482414.319369	41	2866	3.53
1684482414.957562	42	2866	3.53
1684482415.591349	43	2866	3.53
1684482416.2233284	35	2866	3.53
1684482416.8744533	50	2866	3.53
1684482417.5244942	35	2866	3.53
1684482418.1776059	45	2866	3.53
1684482418.831689	49	2866	3.53
1684482419.463758	42	2866	3.53
1684482420.1009681	32	2866	3.53
1684482420.7345634	50	2866	3.53
1684482421.3689716	32	2866	3.53
1684482422.0022635	50	2866	3.53
1684482422.6558976	42	2866	3.53
1684482423.2872572	42	2866	3.53
1684482423.918823	35	2866	3.53
1684482424.5511487	47	2866	3.53
1684482425.1837459	34	2866	3.53
1684482425.8170617	49	2866	3.53
1684482426.4530559	32	2866	3.53
1684482427.085644	41	2866	3.53
1684482427.7198749	33	2866	3.53
1684482428.3501785	49	2866	3.53
1684482428.9849098	35	2866	3.53
1684482429.61677	50	2866	3.53
1684482430.2490618	33	2866	3.53
1684482430.8805952	43	2866	3.53
1684482431.5104554	35	2866	3.53
1684482432.143175	48	2866	3.53
1684482432.7746687	30	2866	3.53
1684482433.403621	50	2866	3.53
1684482434.0423849	31	2866	3.53
1684482434.6742582	49	2866	3.53
1684482435.3073308	48	2866	3.53
1684482435.937115	49	2866	3.53
1684482436.566404	34	2866	3.53
1684482437.1974795	49	2866	3.53
1684482437.8333387	34	2866	3.53
1684482438.4858215	50	2866	3.53
1684482439.138102	90	2866	3.53
1684482439.7696192	36	2866	3.53
1684482440.3998725	49	2866	3.53
1684482441.0265114	46	2866	3.53
1684482441.6583695	42	2866	3.53
1684482442.2904325	49	2866	3.53
1684482442.9246545	35	2866	3.53
1684482443.5583446	48	2866	3.53
1684482444.1885607	35	2866	3.53
1684482444.8392248	49	2866	3.53
1684482445.4735503	34	2866	3.53
1684482446.1518073	49	2866	3.53
1684482446.8282547	51	2866	3.53
1684482447.458808	38	2866	3.53
1684482448.0889766	48	2866	3.53
1684482448.750776	47	2866	3.53
1684482449.3884225	31	2866	3.53
1684482450.0326273	31	2866	3.53
1684482450.6976554	34	2866	3.53
1684482451.3560035	36	2866	3.53
1684482452.0118737	42	2866	3.53
1684482452.6472297	28	2866	3.53
1684482453.2788746	36	2866	3.53
1684482453.9108138	30	2866	3.53
1684482454.538921	43	2866	3.53
1684482455.170713	41	2866	3.53
1684482455.8024929	34	2866	3.53
1684482456.4375765	49	2866	3.53
1684482457.0729027	30	2866	3.53
1684482457.7063265	33	2866	3.53
1684482458.3393593	41	2866	3.53
1684482458.9701927	44	2866	3.53
1684482459.601671	34	2866	3.53
1684482460.2354088	47	2866	3.53
1684482460.8717175	36	2866	3.53
1684482461.5041857	49	2866	3.53
1684482462.1353195	49	2866	3.53
1684482462.763643	49	2866	3.53
1684482463.3970742	36	2866	3.53
1684482464.0264537	47	2866	3.53
1684482464.6600075	50	2866	3.53
1684482465.2925348	49	2866	3.53
1684482465.9228268	49	2866	3.53
1684482466.5591948	35	2866	3.53
1684482467.1919236	35	2866	3.53
1684482467.8220944	49	2866	3.53
1684482468.4531906	44	2866	3.53
1684482469.0867152	43	2866	3.53
1684482469.7181797	46	2866	3.53
1684482470.351806	35	2866	3.53
1684482470.985912	50	2866	3.53
1684482471.6182556	50	2866	3.53
1684482472.247811	44	2866	3.53
1684482472.8802788	38	2866	3.53
1684482473.5159342	49	2866	3.53
1684482474.1614745	32	2866	3.53
1684482474.810912	89	2866	3.53
1684482475.444176	43	2866	3.53
1684482476.074126	35	2866	3.53
1684482476.7116296	35	2866	3.53
1684482477.3440342	41	2866	3.53
1684482477.978826	31	2866	3.53
1684482478.6189506	49	2866	3.53
1684482479.255627	33	2866	3.53
1684482479.8893025	34	2866	3.53
1684482480.521499	39	2866	3.53
1684482481.1574538	37	2866	3.53
1684482481.7919939	29	2866	3.53
1684482482.4566796	43	2866	3.53
1684482483.0878954	42	2866	3.53
1684482483.7156088	42	2866	3.53
1684482484.3506842	34	2866	3.53
1684482484.9813318	47	2866	3.53
1684482485.6117344	32	2866	3.53
1684482486.245513	41	2866	3.53
1684482486.8789327	48	2866	3.53
1684482487.5113993	33	2866	3.53
1684482488.143242	33	2866	3.53
1684482488.77376	50	2866	3.53
1684482489.4057674	34	2866	3.53
1684482490.0462914	49	2866	3.53
1684482490.70104	41	2866	3.53
1684482491.3359506	29	2866	3.53
1684482491.9719274	35	2866	3.53
1684482492.6042888	49	2866	3.53
1684482493.2370512	35	2866	3.53
1684482493.8689375	49	2866	3.53
1684482494.507345	36	2866	3.53
1684482495.1378758	40	2866	3.53
1684482495.7725246	45	2866	3.53
1684482496.4035213	48	2866	3.53
1684482497.0388746	34	2866	3.53
1684482497.6800194	45	2866	3.53
1684482498.3113332	34	2866	3.53
1684482498.9418619	42	2866	3.53
1684482499.5749278	43	2866	3.53
1684482500.2061634	35	2866	3.53
1684482500.8397717	33	2866	3.53
1684482501.477604	48	2866	3.53
1684482502.1178594	33	2866	3.53
1684482502.748874	50	2866	3.53
1684482503.3809059	32	2866	3.53
1684482504.0121808	43	2866	3.53
1684482504.645649	42	2866	3.53
1684482505.2749646	38	2866	3.53
1684482505.9068208	34	2866	3.53
1684482506.5382037	49	2866	3.53
1684482507.1670482	33	2866	3.53
1684482507.79866	42	2866	3.53
1684482508.4311771	48	2866	3.53
1684482509.0809643	28	2866	3.53
1684482509.7244847	92	2866	3.53
1684482510.3566828	50	2866	3.53
1684482511.009575	35	2866	3.53
1684482511.645014	49	2866	3.53
1684482512.2788496	41	2866	3.53
1684482512.9334886	49	2866	3.53
1684482513.5641658	35	2866	3.53
1684482514.1959462	50	2866	3.53
1684482514.834903	34	2866	3.53
1684482515.4683883	48	2866	3.53
1684482516.1001365	38	2866	3.53
1684482516.7325006	49	2866	3.53
1684482517.3655345	49	2866	3.53
1684482517.9941397	48	2866	3.53
1684482518.6216927	30	2866	3.53
1684482519.2560089	50	2866	3.53
1684482519.8913388	48	2866	3.53
1684482520.5273068	36	2866	3.53
1684482521.1615841	50	2866	3.53
1684482521.7944438	34	2866	3.53
1684482522.424772	35	2866	3.53
1684482523.0547776	46	2866	3.53
1684482523.6820629	49	2866	3.53
1684482524.3161	30	2866	3.53
1684482524.9467573	49	2866	3.53
1684482525.5819235	34	2866	3.53
1684482526.2155747	51	2866	3.53
1684482526.8480933	50	2866	3.53
1684482527.4805822	48	2866	3.53
1684482528.1130714	40	2866	3.53
1684482528.7401369	50	2866	3.53
1684482529.3842611	31	2866	3.53
1684482530.01799	42	2866	3.53
1684482530.6582732	42	2866	3.53
1684482531.2907	49	2866	3.53
1684482531.9240146	34	2866	3.53
1684482532.5561743	43	2866	3.53
1684482533.192138	34	2866	3.53
1684482533.8284628	35	2866	3.53
1684482534.4900978	43	2866	3.53
1684482535.1258411	47	2866	3.53
1684482535.7562115	33	2866	3.53
1684482536.3939	22	2866	3.53
1684482537.030148	35	2866	3.53
1684482537.6708865	48	2866	3.53
1684482538.3046541	34	2866	3.53
1684482538.9382854	36	2866	3.53
1684482539.5739126	28	2866	3.53
1684482540.2038138	50	2866	3.53
1684482540.8367085	42	2866	3.53
1684482541.4757931	49	2866	3.53
1684482542.1305692	48	2866	3.53
1684482542.782761	50	2866	3.53
1684482543.4353933	33	2866	3.53
1684482544.0684907	49	2866	3.53
1684482544.7133203	92	2866	3.53
1684482545.3697174	60	2866	3.53
1684482546.0026321	50	2866	3.53
1684482546.6522145	49	2866	3.53
1684482547.28294	41	2866	3.53
1684482547.9174252	51	2866	3.53
1684482548.572346	32	2866	3.53
1684482549.2101276	44	2866	3.53
1684482549.8516219	49	2866	3.53
1684482550.4826565	48	2866	3.53
1684482551.1157198	46	2866	3.53
1684482551.7549393	43	2866	3.53
1684482552.3882928	34	2866	3.53
1684482553.0216634	46	2866	3.53
1684482553.6524885	51	2866	3.53
1684482554.2849638	49	2866	3.53
1684482554.9195106	39	2866	3.53
1684482555.5510657	46	2866	3.53
1684482556.2025418	34	2866	3.53
1684482556.8542151	48	2866	3.53
1684482557.508349	50	2866	3.53
1684482558.1601458	49	2866	3.53
1684482558.8149946	35	2866	3.53
1684482559.4493256	48	2866	3.53
1684482560.1000848	50	2866	3.53
1684482560.7505546	39	2866	3.53
1684482561.399336	49	2866	3.53
1684482562.0393686	47	2866	3.53
1684482562.6762004	34	2866	3.53
1684482563.3079147	50	2866	3.53
1684482563.9604826	49	2866	3.53
1684482564.592994	42	2866	3.53
1684482565.2246497	48	2866	3.53
1684482565.8597577	51	2866	3.53
1684482566.4955838	46	2866	3.53
1684482567.1313117	47	2866	3.53
1684482567.7829351	48	2866	3.53
1684482568.4228601	32	2866	3.53
1684482569.0577204	47	2866	3.53
1684482569.6924014	45	2866	3.53
1684482570.3265498	36	2866	3.53
1684482570.95799	48	2866	3.53
1684482571.590711	46	2866	3.53
1684482572.221215	42	2866	3.53
1684482572.8557565	50	2866	3.53
1684482573.5244007	48	2866	3.53
1684482574.1781535	34	2866	3.53
1684482574.8324592	34	2866	3.53
1684482575.466489	49	2866	3.53
1684482576.0990634	43	2866	3.53
1684482576.7331076	49	2866	3.53
1684482577.3698862	49	2866	3.53
1684482578.0024133	36	2866	3.53
1684482578.641286	49	2866	3.53
1684482579.2841544	66	2866	3.53
1684482579.9272294	91	2866	3.53
1684482580.558196	42	2866	3.53
1684482581.1924086	35	2866	3.53
1684482581.8278298	35	2866	3.53
1684482582.4640715	49	2866	3.53
1684482583.0963264	49	2866	3.53
1684482583.7295842	34	2866	3.53
1684482584.3598626	48	2866	3.53
1684482584.993634	35	2866	3.53
1684482585.6265159	35	2866	3.53
1684482586.2602735	42	2866	3.53
1684482586.8939152	34	2866	3.53
1684482587.5232675	35	2866	3.53
1684482588.1538556	49	2866	3.53
1684482588.784006	35	2866	3.53
1684482589.4188461	40	2866	3.53
1684482590.0719368	42	2866	3.53
1684482590.7154028	34	2866	3.53
1684482591.3462982	27	2866	3.53
1684482591.9803617	35	2866	3.53
1684482592.6113644	43	2866	3.53
1684482593.2414458	33	2866	3.53
1684482593.8743734	42	2866	3.53
1684482594.5150936	49	2866	3.53
1684482595.1500964	33	2866	3.53
1684482595.779528	29	2866	3.53
1684482596.4095342	49	2866	3.53
1684482597.0432882	41	2866	3.53
1684482597.6717122	33	2866	3.53
1684482598.3030982	50	2866	3.53
1684482598.957097	34	2866	3.53
1684482599.5898938	49	2866	3.53
1684482600.2191303	49	2866	3.53
1684482600.8484414	43	2866	3.53
1684482601.478525	34	2866	3.53
1684482602.1043437	45	2866	3.53
1684482602.7363281	25	2866	3.53
1684482603.370525	41	2866	3.53
1684482604.0026069	48	2866	3.53
1684482604.6409214	50	2866	3.53
1684482605.272072	46	2866	3.53
1684482605.90458	42	2866	3.53
1684482606.5389898	48	2866	3.53
1684482607.1723807	34	2866	3.53
1684482607.807095	49	2866	3.53
1684482608.4436932	36	2866	3.53
1684482609.075438	49	2866	3.53
1684482609.7050135	34	2866	3.53
1684482610.3359163	50	2866	3.53
1684482610.970879	28	2866	3.53
1684482611.608172	32	2866	3.53
1684482612.2445526	50	2866	3.53
1684482612.8779085	32	2866	3.53
1684482613.50937	35	2866	3.53
1684482614.147778	49	2866	3.53
1684482614.7995732	90	2866	3.53
1684482615.4395394	86	2866	3.53
1684482616.0871782	50	2866	3.53
1684482616.7290666	33	2866	3.53
1684482617.3610954	34	2866	3.53
1684482617.9990313	31	2866	3.53
1684482618.6308331	50	2866	3.53
1684482619.2649925	34	2866	3.53
1684482619.8979871	49	2866	3.53
1684482620.5368457	33	2866	3.53
1684482621.1683736	42	2866	3.53
1684482621.8098538	34	2866	3.53
1684482622.4411376	50	2866	3.53
1684482623.0967155	32	2866	3.53
1684482623.739087	48	2866	3.53
1684482624.3738196	43	2866	3.53
1684482625.0084324	46	2866	3.53
1684482625.6395147	33	2866	3.53
1684482626.2713304	49	2866	3.53
1684482626.9003055	43	2866	3.53
1684482627.5354486	49	2866	3.53
1684482628.170764	48	2866	3.53
1684482628.805931	33	2866	3.53
1684482629.4394531	34	2866	3.53
1684482630.0742817	49	2866	3.53
1684482630.704541	42	2866	3.53
1684482631.3329597	49	2866	3.53
1684482631.9685953	45	2866	3.53
1684482632.6005952	35	2866	3.53
1684482633.2326176	50	2866	3.53
1684482633.8622003	49	2866	3.53
1684482634.492142	42	2866	3.53
1684482635.1228528	49	2866	3.53
1684482635.7517283	50	2866	3.53
1684482636.384998	42	2866	3.53
1684482637.0187562	49	2866	3.53
1684482637.65076	35	2866	3.53
1684482638.288684	49	2866	3.53
1684482638.936789	50	2866	3.53
1684482639.5732515	32	2866	3.53
1684482640.2340434	44	2866	3.53
1684482640.8738718	48	2866	3.53
1684482641.5289505	50	2866	3.53
1684482642.1933792	34	2866	3.53
1684482642.8259351	49	2866	3.53
1684482643.4792042	41	2866	3.53
1684482644.1178231	49	2866	3.53
1684482644.7568815	34	2866	3.53
1684482645.4160595	50	2866	3.53
1684482646.0866737	34	2866	3.53
1684482646.7408056	50	2866	3.53
1684482647.3901093	50	2866	3.53
1684482648.0592701	34	2866	3.53
1684482648.6899192	43	2866	3.53
1684482649.340218	42	2866	3.53
1684482649.9826791	89	2866	3.53
1684482650.6111941	33	2866	3.53
1684482651.2619348	48	2866	3.53
1684482651.9137528	33	2866	3.53
1684482652.5478325	44	2866	3.53
1684482653.1995208	45	2866	3.53
1684482653.8346457	49	2866	3.53
1684482654.4678278	34	2866	3.53
1684482655.1178448	46	2866	3.53
1684482655.7536595	36	2866	3.53
1684482656.4076307	49	2866	3.53
1684482657.0581017	34	2866	3.53
1684482657.6974375	50	2866	3.53
1684482658.331813	27	2866	3.53
1684482658.973573	50	2866	3.53
1684482659.6100788	43	2866	3.53
1684482660.2612345	45	2866	3.53
1684482660.8898365	29	2866	3.53
1684482661.5223324	49	2866	3.53
1684482662.1535518	50	2866	3.53
1684482662.7885556	38	2866	3.53
1684482663.422851	50	2866	3.53
1684482664.0585003	32	2866	3.53
1684482664.6900017	50	2866	3.53
1684482665.324336	50	2866	3.53
1684482665.9561532	42	2866	3.53
1684482666.5866425	49	2866	3.53
1684482667.2192497	49	2866	3.53
1684482667.8536513	42	2866	3.53
1684482668.4872098	50	2866	3.53
1684482669.1261222	49	2866	3.53
1684482669.7574499	35	2866	3.53
1684482670.386188	51	2866	3.53
1684482671.0160408	50	2866	3.53
1684482671.65419	46	2866	3.53
1684482672.2879636	50	2866	3.53
1684482672.921483	30	2866	3.53
1684482673.555029	46	2866	3.53
1684482674.2074535	42	2866	3.53
1684482674.860182	49	2866	3.53
1684482675.4958277	34	2866	3.53
1684482676.13	50	2866	3.53
1684482676.7677054	33	2866	3.53
1684482677.4012067	47	2866	3.53
1684482678.0454917	28	2866	3.53
1684482678.6791866	46	2866	3.53
1684482679.3148227	34	2866	3.53
1684482679.9491048	34	2866	3.53
1684482680.583455	48	2866	3.53
1684482681.2168043	30	2866	3.53
1684482681.8509383	34	2866	3.53
1684482682.5018394	33	2866	3.53
1684482683.1349692	47	2866	3.53
1684482683.7722287	33	2866	3.53
1684482684.407831	50	2866	3.53
1684482685.051476	92	2866	3.53
1684482685.6906533	35	2866	3.53
1684482686.3236082	41	2866	3.53
1684482686.954844	44	2866	3.53
1684482687.58942	34	2866	3.53
1684482688.2225702	50	2866	3.53
1684482688.856621	34	2866	3.53
1684482689.508091	35	2866	3.53
1684482690.1439795	43	2866	3.53
1684482690.7748122	47	2866	3.53
1684482691.4066346	34	2866	3.53
1684482692.0463996	49	2866	3.53
1684482692.6846154	34	2866	3.53
1684482693.316227	33	2866	3.53
1684482693.9464142	47	2866	3.53
1684482694.577742	39	2866	3.53
1684482695.208814	35	2866	3.53
1684482695.841055	49	2866	3.53
1684482696.4751778	34	2866	3.53
1684482697.1087723	50	2866	3.53
1684482697.7431312	35	2866	3.53
1684482698.3731751	43	2866	3.53
1684482699.0012927	35	2866	3.53
1684482699.6301076	47	2866	3.53
1684482700.2600336	34	2866	3.53
1684482700.8930001	48	2866	3.53
1684482701.5409598	42	2866	3.53
1684482702.1737742	50	2866	3.53
1684482702.8040164	34	2866	3.53
1684482703.4334886	50	2866	3.53
1684482704.0678596	34	2866	3.53
1684482704.7062597	49	2866	3.53
1684482705.3435879	40	2866	3.53
1684482705.9788897	34	2866	3.53
1684482706.629744	46	2866	3.53
1684482707.2631874	32	2866	3.53
1684482707.899576	46	2866	3.53
1684482708.5345614	32	2866	3.53
1684482709.1665545	35	2866	3.53
1684482709.798444	48	2866	3.53
1684482710.4285681	34	2866	3.53
1684482711.0663948	31	2866	3.53
1684482711.7193913	44	2866	3.53
1684482712.3483384	34	2866	3.53
1684482712.9818769	39	2866	3.53
1684482713.6134543	40	2866	3.53
1684482714.246286	32	2866	3.53
1684482714.8767595	28	2866	3.53
1684482715.5064619	42	2866	3.53
1684482716.138259	35	2866	3.53
1684482716.7730575	34	2866	3.53
1684482717.4099317	49	2866	3.53
1684482718.0425925	31	2866	3.53
1684482718.6755855	49	2866	3.53
1684482719.308616	43	2866	3.53
1684482719.9568238	91	2866	3.53
1684482720.6118155	76	2866	3.53
1684482721.2439346	50	2866	3.53
1684482721.8804328	32	2866	3.53
1684482722.5130315	43	2866	3.53
1684482723.1565018	35	2866	3.53
1684482723.7876542	48	2866	3.53
1684482724.4414804	33	2866	3.53
1684482725.0748866	49	2866	3.53
1684482725.7278302	34	2866	3.53
1684482726.3608332	48	2866	3.53
1684482726.9974823	26	2866	3.53
1684482727.6312196	43	2866	3.53
1684482728.2597008	49	2866	3.53
1684482728.8959966	33	2866	3.53
1684482729.5437346	48	2866	3.53
1684482730.1836329	34	2866	3.53
1684482730.8204923	41	2866	3.53
1684482731.4568803	42	2866	3.53
1684482732.0869398	47	2866	3.53
1684482732.721031	34	2866	3.53
1684482733.3512702	49	2866	3.53
1684482733.9871557	35	2866	3.53
1684482734.6198237	50	2866	3.53
1684482735.2501867	50	2866	3.53
1684482735.8782465	45	2866	3.53
1684482736.5095985	43	2866	3.53
1684482737.1405349	49	2866	3.53
1684482737.7725465	33	2866	3.53
1684482738.4046173	49	2866	3.53
1684482739.0384371	35	2866	3.53
1684482739.6682675	43	2866	3.53
1684482740.3534184	49	2866	3.53
1684482740.9887636	43	2866	3.53
1684482741.6461527	33	2866	3.53
1684482742.3119564	36	2866	3.53
1684482742.947283	44	2866	3.53
1684482743.59435	49	2866	3.53
1684482744.2564352	35	2866	3.53
1684482744.9063194	30	2866	3.53
1684482745.5416844	50	2866	3.53
1684482746.2024138	42	2866	3.53
1684482746.8339326	48	2866	3.53
1684482747.481606	48	2866	3.53
1684482748.1153429	35	2866	3.53
1684482748.7446733	34	2866	3.53
1684482749.3768923	45	2866	3.53
1684482750.0086243	44	2866	3.53
1684482750.6476624	33	2866	3.53
1684482751.2865908	49	2866	3.53
1684482751.9210815	34	2866	3.53
1684482752.5521526	47	2866	3.53
1684482753.1840744	50	2866	3.53
1684482753.817201	48	2866	3.53
1684482754.4488192	30	2866	3.53
1684482755.089613	73	2866	3.53
1684482755.7335498	92	2866	3.53
1684482756.3695939	48	2866	3.53
1684482757.0046868	41	2866	3.53
1684482757.6349905	36	2866	3.53
1684482758.266459	30	2866	3.53
1684482758.9012978	50	2866	3.53
1684482759.5369208	33	2866	3.53
1684482760.1694736	50	2866	3.53
1684482760.8046021	34	2866	3.53
1684482761.432863	34	2866	3.53
1684482762.0651426	35	2866	3.53
1684482762.69908	48	2866	3.53
1684482763.346209	35	2866	3.53
1684482763.9821157	43	2866	3.53
1684482764.6368241	46	2866	3.53
1684482765.2699003	37	2866	3.53
1684482765.9214063	34	2866	3.53
1684482766.550994	43	2866	3.53
1684482767.186155	34	2866	3.53
1684482767.8213809	46	2866	3.53
1684482768.4595244	42	2866	3.53
1684482769.0897746	40	2866	3.53
1684482769.7239523	33	2866	3.53
1684482770.3555071	44	2866	3.53
1684482770.9861765	29	2866	3.53
1684482771.6200697	34	2866	3.53
1684482772.2546916	49	2866	3.53
1684482772.9064457	32	2866	3.53
1684482773.539797	34	2866	3.53
1684482774.169845	50	2866	3.53
1684482774.7987437	35	2866	3.53
1684482775.4288793	35	2866	3.53
1684482776.0646372	50	2866	3.53
1684482776.6928	30	2866	3.53
1684482777.3299568	48	2866	3.53
1684482777.9605272	45	2866	3.53
1684482778.5945046	45	2866	3.53
1684482779.228485	30	2866	3.53
1684482779.8630407	50	2866	3.53
1684482780.49888	42	2866	3.53
1684482781.13284	50	2866	3.53
1684482781.7688158	45	2866	3.53
1684482782.404007	48	2866	3.53
1684482783.035559	33	2866	3.53
1684482783.668135	48	2866	3.53
1684482784.3135145	44	2866	3.53
1684482784.9468665	48	2866	3.53
1684482785.578029	49	2866	3.53
1684482786.2093334	36	2866	3.53
1684482786.8434236	32	2866	3.53
1684482787.4739695	50	2866	3.53
1684482788.1113868	36	2866	3.53
1684482788.7440166	49	2866	3.53
1684482789.3732762	49	2866	3.53
1684482790.0165641	50	2866	3.53
1684482790.77509	91	2866	3.53
1684482791.4065206	49	2866	3.53
1684482792.041142	35	2866	3.53
1684482792.6718733	49	2866	3.53
1684482793.3006117	51	2866	3.53
1684482793.9313912	34	2866	3.53
1684482794.561135	51	2866	3.53
1684482795.199121	43	2866	3.53
1684482795.8310597	50	2866	3.53
1684482796.4642217	50	2866	3.53
1684482797.098709	41	2866	3.53
1684482797.7299972	34	2866	3.53
1684482798.3608692	50	2866	3.53
1684482798.9922743	33	2866	3.53
1684482799.6211474	50	2866	3.53
1684482800.2560554	36	2866	3.53
1684482800.8901322	50	2866	3.53
1684482801.5270224	49	2866	3.53
1684482802.1569695	43	2866	3.53
1684482802.791348	34	2866	3.53
1684482803.444416	48	2866	3.53
1684482804.079094	47	2866	3.53
1684482804.7206728	49	2866	3.53
1684482805.3733683	34	2866	3.53
1684482806.0065851	44	2866	3.53
1684482806.6420732	41	2866	3.53
1684482807.2730525	49	2866	3.53
1684482807.9090133	49	2866	3.53
1684482808.542034	42	2866	3.53
1684482809.178669	48	2866	3.53
1684482809.81142	49	2866	3.53
1684482810.4441783	34	2866	3.53
1684482811.0791702	43	2866	3.53
1684482811.7093594	49	2866	3.53
1684482812.3463686	49	2866	3.53
1684482812.9780455	49	2866	3.53
1684482813.619034	32	2866	3.53
1684482814.2546272	35	2866	3.53
1684482814.886921	49	2866	3.53
1684482815.5199883	43	2866	3.53
1684482816.1608884	42	2866	3.53
1684482816.7956884	50	2866	3.53
1684482817.434622	34	2866	3.53
1684482818.06598	50	2866	3.53
1684482818.693365	50	2866	3.53
1684482819.325441	47	2866	3.53
1684482819.9572084	48	2866	3.53
1684482820.5894325	50	2866	3.53
1684482821.2214437	35	2866	3.53
1684482821.8534558	49	2866	3.53
1684482822.486328	34	2866	3.53
1684482823.117937	36	2866	3.53
1684482823.7482803	47	2866	3.53
1684482824.3777487	49	2866	3.53
1684482825.0310147	92	2866	3.53
1684482825.684685	45	2866	3.53
1684482826.317304	30	2866	3.53
1684482826.9472728	34	2866	3.53
1684482827.599322	41	2866	3.53
1684482828.2337263	35	2866	3.53
1684482828.8665023	35	2866	3.53
1684482829.4981978	43	2866	3.53
1684482830.1288085	34	2866	3.53
1684482830.761107	50	2866	3.53
1684482831.3929482	48	2866	3.53
1684482832.0284388	34	2866	3.53
1684482832.662369	41	2866	3.53
1684482833.2940037	36	2866	3.53
1684482833.9285502	34	2866	3.53
1684482834.5611784	49	2866	3.53
1684482835.1927493	29	2866	3.53
1684482835.8246288	35	2866	3.53
1684482836.4578285	48	2866	3.53
1684482837.0878906	30	2866	3.53
1684482837.736472	34	2866	3.53
1684482838.3927274	46	2866	3.53
1684482839.0260994	34	2866	3.53
1684482839.6581693	34	2866	3.53
1684482840.3303092	42	2866	3.53
1684482840.9906254	34	2866	3.53
1684482841.630603	31	2866	3.53
1684482842.2628713	35	2866	3.53
1684482842.9210815	49	2866	3.53
1684482843.5812583	31	2866	3.53
1684482844.2167027	38	2866	3.53
1684482844.8503895	39	2866	3.53
1684482845.5242062	46	2866	3.53
1684482846.2074687	32	2866	3.53
1684482846.8437102	34	2866	3.53
1684482847.4897435	43	2866	3.53
1684482848.1241534	47	2866	3.53
1684482848.7555804	34	2866	3.53
1684482849.384669	29	2866	3.53
1684482850.0174155	47	2866	3.53
1684482850.6513193	34	2866	3.53
1684482851.2837722	45	2866	3.53
1684482851.9183848	40	2866	3.53
1684482852.5485563	35	2866	3.53
1684482853.181516	34	2866	3.53
1684482853.8108616	49	2866	3.53
1684482854.4415665	35	2866	3.53
1684482855.0790455	44	2866	3.53
1684482855.7152054	35	2866	3.53
1684482856.349012	42	2866	3.53
1684482856.9802823	35	2866	3.53
1684482857.6104276	43	2866	3.53
1684482858.2393522	32	2866	3.53
1684482858.8691657	50	2866	3.53
1684482859.5142677	35	2866	3.53
1684482860.1711924	82	2866	3.53
1684482860.8068142	29	2866	3.53
1684482861.4397254	50	2866	3.53
1684482862.0777123	46	2866	3.53
1684482862.7344763	43	2866	3.53
1684482863.3857183	50	2866	3.53
1684482864.0254927	35	2866	3.53
1684482864.6574185	34	2866	3.53
1684482865.2933788	48	2866	3.53
1684482865.9237108	43	2866	3.53
1684482866.562226	41	2866	3.53
1684482867.1940324	49	2866	3.53
1684482867.8271413	33	2866	3.53
1684482868.4580855	50	2866	3.53
1684482869.0901158	49	2866	3.53
1684482869.7177207	50	2866	3.53
1684482870.3499644	43	2866	3.53
1684482870.980403	42	2866	3.53
1684482871.6126964	35	2866	3.53
1684482872.2441268	49	2866	3.53
1684482872.8949964	35	2866	3.53
1684482873.5444531	49	2866	3.53
1684482874.1791675	41	2866	3.53
1684482874.8119957	50	2866	3.53
1684482875.4460833	32	2866	3.53
1684482876.080176	47	2866	3.53
1684482876.712824	35	2866	3.53
1684482877.3451095	48	2866	3.53
1684482877.9875278	33	2866	3.53
1684482878.635113	48	2866	3.53
1684482879.2676797	34	2866	3.53
1684482879.9045455	46	2866	3.53
1684482880.5382671	35	2866	3.53
1684482881.1657567	49	2866	3.53
1684482881.7975287	35	2866	3.53
1684482882.4302652	49	2866	3.53
1684482883.0627668	32	2866	3.53
1684482883.6995926	42	2866	3.53
1684482884.3351912	49	2866	3.53
1684482884.9734242	33	2866	3.53
1684482885.6086845	35	2866	3.53
1684482886.245824	49	2866	3.53
1684482886.8785946	35	2866	3.53
1684482887.5153592	35	2866	3.53
1684482888.1528478	39	2866	3.53
1684482888.7873175	31	2866	3.53
1684482889.4181974	42	2866	3.53
1684482890.0515122	33	2866	3.53
1684482890.6831067	44	2866	3.53
1684482891.3172655	34	2866	3.53
1684482891.9678686	28	2866	3.53
1684482892.6053143	48	2866	3.53
1684482893.2426937	32	2866	3.53
1684482893.8764708	33	2866	3.53
1684482894.5072637	39	2866	3.53
1684482895.1711621	92	2866	3.53
1684482895.8322794	84	2866	3.53
1684482896.4653056	50	2866	3.53
1684482897.0990891	49	2866	3.53
1684482897.7337222	34	2866	3.53
1684482898.3655155	49	2866	3.53
1684482899.0000603	41	2866	3.53
1684482899.6330688	50	2866	3.53
1684482900.2817402	50	2866	3.53
1684482900.9123282	47	2866	3.53
1684482901.5577712	33	2866	3.53
1684482902.199709	49	2866	3.53
1684482902.8303735	34	2866	3.53
1684482903.462925	48	2866	3.53
1684482904.1067505	48	2866	3.53
1684482904.740829	32	2866	3.53
1684482905.3732913	43	2866	3.53
1684482906.0052624	49	2866	3.53
1684482906.637668	49	2866	3.53
1684482907.2659287	41	2866	3.53
1684482907.8973227	50	2866	3.53
1684482908.5308664	35	2866	3.53
1684482909.1612782	49	2866	3.53
1684482909.79002	49	2866	3.53
1684482910.4183881	41	2866	3.53
1684482911.0489905	48	2866	3.53
1684482911.6795392	50	2866	3.53
1684482912.3178835	41	2866	3.53
1684482912.9602401	49	2866	3.53
1684482913.5966516	29	2866	3.53
1684482914.2451627	41	2866	3.53
1684482914.8792036	48	2866	3.53
1684482915.5263083	49	2866	3.53
1684482916.1628933	38	2866	3.53
1684482916.816161	50	2866	3.53
1684482917.4469862	49	2866	3.53
1684482918.0846024	43	2866	3.53
1684482918.719336	41	2866	3.53
1684482919.3579001	50	2866	3.53
1684482919.9897494	33	2866	3.53
1684482920.6248147	51	2866	3.53
1684482921.2563272	34	2866	3.53
1684482921.8859515	49	2866	3.53
1684482922.518316	50	2866	3.53
1684482923.1486166	49	2866	3.53
1684482923.7754793	42	2866	3.53
1684482924.4094892	50	2866	3.53
1684482925.043752	34	2866	3.53
1684482925.677447	50	2866	3.53
1684482926.30993	49	2866	3.53
1684482926.9403837	35	2866	3.53
1684482927.5673962	50	2866	3.53
1684482928.2014287	42	2866	3.53
1684482928.833279	49	2866	3.53
1684482929.463308	50	2866	3.53
1684482930.1017666	87	2866	3.53
1684482930.7337763	42	2866	3.53
1684482931.3620317	50	2866	3.53
1684482931.9925213	35	2866	3.53
1684482932.6237142	50	2866	3.53
1684482933.2547524	34	2866	3.53
1684482933.887044	48	2866	3.53
1684482934.5209987	34	2866	3.53
1684482935.1558795	31	2866	3.53
1684482935.7879782	25	2866	3.53
1684482936.4370697	34	2866	3.53
1684482937.1015804	43	2866	3.53
1684482937.7576277	29	2866	3.53
1684482938.4362123	34	2866	3.53
1684482939.06491	50	2866	3.53
1684482939.725734	33	2866	3.53
1684482940.3630054	35	2866	3.53
1684482941.001948	46	2866	3.53
1684482941.6815453	50	2866	3.53
1684482942.3532362	29	2866	3.53
1684482942.990162	28	2866	3.53
1684482943.62909	44	2866	3.53
1684482944.3002863	42	2866	3.53
1684482944.9321537	35	2866	3.53
1684482945.5667555	34	2866	3.53
1684482946.2037048	48	2866	3.53
1684482946.8369765	34	2866	3.53
1684482947.4709666	35	2866	3.53
1684482948.1216068	47	2866	3.53
1684482948.7564387	33	2866	3.53
1684482949.3978326	34	2866	3.53
1684482950.0337765	45	2866	3.53
1684482950.671814	34	2866	3.53
1684482951.3084788	33	2866	3.53
1684482951.9420927	42	2866	3.53
1684482952.572534	37	2866	3.53
1684482953.204177	33	2866	3.53
1684482953.8367014	47	2866	3.53
1684482954.4735816	35	2866	3.53
1684482955.1048524	47	2866	3.53
1684482955.7549374	35	2866	3.53
1684482956.3843732	43	2866	3.53
1684482957.0182064	34	2866	3.53
1684482957.6511612	49	2866	3.53
1684482958.2863035	35	2866	3.53
1684482958.9249284	46	2866	3.53
1684482959.5587656	43	2866	3.53
1684482960.1913633	35	2866	3.53
1684482960.8262486	28	2866	3.53
1684482961.4787722	35	2866	3.53
1684482962.1304977	38	2866	3.53
1684482962.7674994	39	2866	3.53
1684482963.398096	48	2866	3.53
1684482964.0300107	32	2866	3.53
1684482964.6620352	50	2866	3.53
1684482965.3065164	92	2866	3.53
1684482965.947232	47	2866	3.53
1684482966.581155	34	2866	3.53
1684482967.2158775	42	2866	3.53
1684482967.8470345	49	2866	3.53
1684482968.4755025	50	2866	3.53
1684482969.1049347	43	2866	3.53
1684482969.7365127	51	2866	3.53
1684482970.3696537	34	2866	3.53
1684482971.0015275	51	2866	3.53
1684482971.6364107	34	2866	3.53
1684482972.2665381	35	2866	3.53
1684482972.8955631	49	2866	3.53
1684482973.523941	45	2866	3.53
1684482974.167711	46	2866	3.53
1684482974.8032353	49	2866	3.53
1684482975.4353933	34	2866	3.53
1684482976.0675466	50	2866	3.53
1684482976.7006183	48	2866	3.53
1684482977.3284035	48	2866	3.53
1684482977.9590037	50	2866	3.53
1684482978.589542	51	2866	3.53
1684482979.2249172	42	2866	3.53
1684482979.8576052	42	2866	3.53
1684482980.4922917	33	2866	3.53
1684482981.13462	48	2866	3.53
1684482981.7630005	35	2866	3.53
1684482982.388885	50	2866	3.53
1684482983.0193686	33	2866	3.53
1684482983.6540334	48	2866	3.53
1684482984.2932844	35	2866	3.53
1684482984.926694	34	2866	3.53
1684482985.557253	46	2866	3.53
1684482986.190154	47	2866	3.53
1684482986.8228698	34	2866	3.53
1684482987.4535925	48	2866	3.53
1684482988.0885618	34	2866	3.53
1684482988.7230587	41	2866	3.53
1684482989.353821	38	2866	3.53
1684482989.9940221	31	2866	3.53
1684482990.6273332	34	2866	3.53
1684482991.2615902	35	2866	3.53
1684482991.8974845	46	2866	3.53
1684482992.5321922	34	2866	3.53
1684482993.1671307	43	2866	3.53
1684482993.8037457	42	2866	3.53
1684482994.4359598	36	2866	3.53
1684482995.067572	35	2866	3.53
1684482995.6952806	50	2866	3.53
1684482996.3270392	35	2866	3.53
1684482996.960688	49	2866	3.53
1684482997.5946255	32	2866	3.53
1684482998.2316551	43	2866	3.53
1684482998.865982	41	2866	3.53
1684482999.4963968	36	2866	3.53
1684483000.1336124	91	2866	3.53
1684483000.7646184	46	2866	3.53
1684483001.398823	31	2866	3.53
1684483002.0302339	43	2866	3.53
1684483002.6657002	49	2866	3.53
1684483003.296056	44	2866	3.53
1684483003.9247956	35	2866	3.53
1684483004.5635636	50	2866	3.53
1684483005.1954458	35	2866	3.53
1684483005.8353946	50	2866	3.53
1684483006.4693604	41	2866	3.53
1684483007.100912	49	2866	3.53
1684483007.7320194	31	2866	3.53
1684483008.3598814	49	2866	3.53
1684483008.9882765	29	2866	3.53
1684483009.6208522	45	2866	3.53
1684483010.2574317	48	2866	3.53
1684483010.8948267	35	2866	3.53
1684483011.5299168	49	2866	3.53
1684483012.1802382	48	2866	3.53
1684483012.8258376	42	2866	3.53
1684483013.4593542	49	2866	3.53
1684483014.0919716	49	2866	3.53
1684483014.7249575	43	2866	3.53
1684483015.36077	51	2866	3.53
1684483015.9936752	46	2866	3.53
1684483016.6246152	35	2866	3.53
1684483017.2541032	49	2866	3.53
1684483017.8869748	35	2866	3.53
1684483018.5224674	43	2866	3.53
1684483019.1577685	49	2866	3.53
1684483019.794801	35	2866	3.53
1684483020.4278736	31	2866	3.53
1684483021.0610754	51	2866	3.53
1684483021.6960678	42	2866	3.53
1684483022.3295984	49	2866	3.53
1684483022.961997	49	2866	3.53
1684483023.5956452	43	2866	3.53
1684483024.2295952	46	2866	3.53
1684483024.8620732	50	2866	3.53
1684483025.496099	36	2866	3.53
1684483026.1256871	49	2866	3.53
1684483026.7621272	49	2866	3.53
1684483027.395916	46	2866	3.53
1684483028.0524244	50	2866	3.53
1684483028.6861794	46	2866	3.53
1684483029.3198488	34	2866	3.53
1684483029.9513493	49	2866	3.53
1684483030.5857162	35	2866	3.53
1684483031.2221973	50	2866	3.53
1684483031.8537283	50	2866	3.53
1684483032.4897206	42	2866	3.53
1684483033.11913	34	2866	3.53
1684483033.7508914	49	2866	3.53
1684483034.3881397	32	2866	3.53
1684483035.049606	90	2866	3.53
1684483035.7198615	35	2866	3.53
1684483036.3877718	43	2866	3.53
1684483037.0211935	48	2866	3.53
1684483037.6552207	49	2866	3.53
1684483038.2870812	33	2866	3.53
1684483038.9198143	48	2866	3.53
1684483039.556155	26	2866	3.53
1684483040.1912344	49	2866	3.53
1684483040.8304706	33	2866	3.53
1684483041.4666064	46	2866	3.53
1684483042.0999892	33	2866	3.53
1684483042.7422442	44	2866	3.53
1684483043.3771646	35	2866	3.53
1684483044.010966	35	2866	3.53
1684483044.6432922	41	2866	3.53
1684483045.2756104	49	2866	3.53
1684483045.9065695	34	2866	3.53
1684483046.5534856	49	2866	3.53
1684483047.1880388	29	2866	3.53
1684483047.8408873	42	2866	3.53
1684483048.4755147	49	2866	3.53
1684483049.104636	49	2866	3.53
1684483049.7341745	35	2866	3.53
1684483050.3646247	50	2866	3.53
1684483050.9968011	35	2866	3.53
1684483051.6278675	49	2866	3.53
1684483052.2615874	34	2866	3.53
1684483052.893496	47	2866	3.53
1684483053.5344832	45	2866	3.53
1684483054.1651247	49	2866	3.53
1684483054.8008883	35	2866	3.53
1684483055.4333665	49	2866	3.53
1684483056.0860288	32	2866	3.53
1684483056.71437	40	2866	3.53
1684483057.3466842	48	2866	3.53
1684483057.9762352	49	2866	3.53
1684483058.6070228	42	2866	3.53
1684483059.2371223	49	2866	3.53
1684483059.8710263	30	2866	3.53
1684483060.50311	51	2866	3.53
1684483061.1328564	33	2866	3.53
1684483061.7639008	49	2866	3.53
1684483062.3950577	41	2866	3.53
1684483063.0237124	49	2866	3.53
1684483063.6540802	35	2866	3.53
1684483064.3009262	50	2866	3.53
1684483064.9358685	33	2866	3.53
1684483065.5671465	36	2866	3.53
1684483066.202525	40	2866	3.53
1684483066.8313675	49	2866	3.53
1684483067.460895	35	2866	3.53
1684483068.112717	50	2866	3.53
1684483068.7464445	29	2866	3.53
1684483069.3948152	28	2866	3.53
1684483070.0384948	90	2866	3.53
1684483070.6680186	49	2866	3.53
1684483071.2957456	38	2866	3.53
1684483071.9254644	36	2866	3.53
1684483072.571202	47	2866	3.53
1684483073.206591	34	2866	3.53
1684483073.858708	33	2866	3.53
1684483074.5067987	50	2866	3.53
1684483075.1415536	34	2866	3.53
1684483075.7756295	49	2866	3.53
1684483076.4070163	40	2866	3.53
1684483077.039489	35	2866	3.53
1684483077.6717677	33	2866	3.53
1684483078.304436	50	2866	3.53
1684483078.9353867	33	2866	3.53
1684483079.5615616	50	2866	3.53
1684483080.191978	32	2866	3.53
1684483080.8272185	38	2866	3.53
1684483081.461035	42	2866	3.53
1684483082.0952597	34	2866	3.53
1684483082.7483559	32	2866	3.53
1684483083.3771133	44	2866	3.53
1684483084.0063486	49	2866	3.53
1684483084.6407974	35	2866	3.53
1684483085.2866414	49	2866	3.53
1684483085.9288356	34	2866	3.53
1684483086.5592391	35	2866	3.53
1684483087.1970396	42	2866	3.53
1684483087.8310874	43	2866	3.53
1684483088.4640877	35	2866	3.53
1684483089.1053588	45	2866	3.53
1684483089.7369978	32	2866	3.53
1684483090.368843	49	2866	3.53
1684483091.0035148	35	2866	3.53
1684483091.6400695	49	2866	3.53
1684483092.2725782	35	2866	3.53
1684483092.9056065	50	2866	3.53
1684483093.5391934	31	2866	3.53
1684483094.1874406	45	2866	3.53
1684483094.8203003	33	2866	3.53
1684483095.4491913	50	2866	3.53
1684483096.0828242	31	2866	3.53
1684483096.7173238	49	2866	3.53
1684483097.3521507	49	2866	3.53
1684483097.9860141	43	2866	3.53
1684483098.6173897	49	2866	3.53
1684483099.251643	48	2866	3.53
1684483099.8853693	35	2866	3.53
1684483100.51887	50	2866	3.53
1684483101.1501877	48	2866	3.53
1684483101.7807631	46	2866	3.53
1684483102.4130034	51	2866	3.53
1684483103.0458276	34	2866	3.53
1684483103.6765974	33	2866	3.53
1684483104.3304996	66	2866	3.53
1684483104.969551	91	2866	3.53
1684483105.603644	34	2866	3.53
1684483106.2363493	48	2866	3.53
1684483106.8775694	28	2866	3.53
1684483107.5082443	36	2866	3.53
1684483108.1586933	34	2866	3.53
1684483108.7899227	49	2866	3.53
1684483109.4258366	33	2866	3.53
1684483110.0599375	34	2866	3.53
1684483110.6946332	50	2866	3.53
1684483111.3257267	34	2866	3.53
1684483111.9570596	32	2866	3.53
1684483112.588391	47	2866	3.53
1684483113.2247012	42	2866	3.53
1684483113.8573258	29	2866	3.53
1684483114.5011766	49	2866	3.53
1684483115.1386757	34	2866	3.53
1684483115.7686226	42	2866	3.53
1684483116.3996427	34	2866	3.53
1684483117.0276885	47	2866	3.53
1684483117.6595237	31	2866	3.53
1684483118.2925935	49	2866	3.53
1684483118.9646363	42	2866	3.53
1684483119.5973	49	2866	3.53
1684483120.2502646	34	2866	3.53
1684483120.9004035	50	2866	3.53
1684483121.5340748	44	2866	3.53
1684483122.166144	46	2866	3.53
1684483122.8001835	49	2866	3.53
1684483123.4319594	48	2866	3.53
1684483124.0643733	35	2866	3.53
1684483124.6955297	50	2866	3.53
1684483125.3249857	43	2866	3.53
1684483125.959036	47	2866	3.53
1684483126.5921288	50	2866	3.53
1684483127.22584	33	2866	3.53
1684483127.8575523	49	2866	3.53
1684483128.4948168	47	2866	3.53
1684483129.1250854	46	2866	3.53
1684483129.7669811	45	2866	3.53
1684483130.408413	49	2866	3.53
1684483131.0594432	29	2866	3.53
1684483131.7094529	35	2866	3.53
1684483132.3605652	42	2866	3.53
1684483133.0170448	50	2866	3.53
1684483133.6589246	35	2866	3.53
1684483134.2936628	50	2866	3.53
1684483134.9565399	48	2866	3.53
1684483135.615092	48	2866	3.53
1684483136.2520602	49	2866	3.53
1684483136.9090426	50	2866	3.53
1684483137.5612168	49	2866	3.53
1684483138.1949537	33	2866	3.53
1684483138.871724	50	2866	3.53
1684483139.520373	38	2866	3.53
1684483140.2031775	89	2866	3.53
1684483140.8303685	36	2866	3.53
1684483141.4762669	50	2866	3.53
1684483142.1099064	34	2866	3.53
1684483142.7415133	49	2866	3.53
1684483143.3736873	32	2866	3.53
1684483144.0035129	49	2866	3.53
1684483144.6495247	41	2866	3.53
1684483145.2926304	49	2866	3.53
1684483145.94542	35	2866	3.53
1684483146.5978034	45	2866	3.53
1684483147.2321532	49	2866	3.53
1684483147.877613	49	2866	3.53
1684483148.5167532	49	2866	3.53
1684483149.1548676	49	2866	3.53
1684483149.7901647	42	2866	3.53
1684483150.4232886	49	2866	3.53
1684483151.0594647	48	2866	3.53
1684483151.6906621	42	2866	3.53
1684483152.3219192	48	2866	3.53
1684483152.955579	50	2866	3.53
1684483153.588865	35	2866	3.53
1684483154.2258286	51	2866	3.53
1684483154.8624723	29	2866	3.53
1684483155.4992223	49	2866	3.53
1684483156.1306465	47	2866	3.53
1684483156.7616737	50	2866	3.53
1684483157.3931887	39	2866	3.53
1684483158.0455594	48	2866	3.53
1684483158.6791878	34	2866	3.53
1684483159.3114982	36	2866	3.53
1684483159.9421034	49	2866	3.53
1684483160.572706	46	2866	3.53
1684483161.2089236	34	2866	3.53
1684483161.8449564	49	2866	3.53
1684483162.479914	34	2866	3.53
1684483163.1165648	44	2866	3.53
1684483163.7506847	48	2866	3.53
1684483164.3823714	49	2866	3.53
1684483165.0168033	35	2866	3.53
1684483165.647802	50	2866	3.53
1684483166.2785997	34	2866	3.53
1684483166.9099758	49	2866	3.53
1684483167.542115	34	2866	3.53
1684483168.1713316	48	2866	3.53
1684483168.8027303	46	2866	3.53
1684483169.4369876	48	2866	3.53
1684483170.0660722	32	2866	3.53
1684483170.699921	49	2866	3.53
1684483171.3345208	35	2866	3.53
1684483171.9655874	42	2866	3.53
1684483172.5971267	35	2866	3.53
1684483173.2266915	36	2866	3.53
1684483173.8585258	29	2866	3.53
1684483174.4978385	42	2866	3.53
1684483175.1434932	93	2866	3.53
1684483175.774601	35	2866	3.53
1684483176.4119563	49	2866	3.53
1684483177.0455482	35	2866	3.53
1684483177.677658	34	2866	3.53
1684483178.3225238	42	2866	3.53
1684483178.9525359	49	2866	3.53
1684483179.5848572	35	2866	3.53
1684483180.217169	42	2866	3.53
1684483180.8565125	33	2866	3.53
1684483181.4915116	41	2866	3.53
1684483182.1241002	36	2866	3.53
1684483182.776354	46	2866	3.53
1684483183.4075208	34	2866	3.53
1684483184.0420105	48	2866	3.53
1684483184.6776161	35	2866	3.53
1684483185.3115518	42	2866	3.53
1684483185.959936	35	2866	3.53
1684483186.5884438	43	2866	3.53
1684483187.2438715	35	2866	3.53
1684483187.876159	50	2866	3.53
1684483188.510017	35	2866	3.53
1684483189.1479187	48	2866	3.53
1684483189.8015428	33	2866	3.53
1684483190.4330473	49	2866	3.53
1684483191.08741	31	2866	3.53
1684483191.7189615	50	2866	3.53
1684483192.3537424	35	2866	3.53
1684483192.9853323	47	2866	3.53
1684483193.6167111	35	2866	3.53
1684483194.2464275	48	2866	3.53
1684483194.88076	42	2866	3.53
1684483195.536082	49	2866	3.53
1684483196.1758568	48	2866	3.53
1684483196.8069222	46	2866	3.53
1684483197.4367456	49	2866	3.53
1684483198.0726657	37	2866	3.53
1684483198.7143283	49	2866	3.53
1684483199.3580468	33	2866	3.53
1684483199.9916232	46	2866	3.53
1684483200.6242898	49	2866	3.53
1684483201.2575562	50	2866	3.53
1684483201.8847551	39	2866	3.53
1684483202.512202	49	2866	3.53
1684483203.1476226	34	2866	3.53
1684483203.799496	49	2866	3.53
1684483204.4345849	35	2866	3.53
1684483205.063721	48	2866	3.53
1684483205.6962113	42	2866	3.53
1684483206.3472548	49	2866	3.53
1684483206.9872558	35	2866	3.53
1684483207.6344228	49	2866	3.53
1684483208.2877417	43	2866	3.53
1684483208.9299145	48	2866	3.53
1684483209.6214917	32	2866	3.53
1684483210.2687092	87	2866	3.53
1684483210.8994539	34	2866	3.53
1684483211.5323992	35	2866	3.53
1684483212.1623847	41	2866	3.53
1684483212.7974346	36	2866	3.53
1684483213.4505703	35	2866	3.53
1684483214.1045618	44	2866	3.53
1684483214.759133	47	2866	3.53
1684483215.3921487	34	2866	3.53
1684483216.041909	48	2866	3.53
1684483216.685616	33	2866	3.53
1684483217.3214715	37	2866	3.53
1684483217.9558847	45	2866	3.53
1684483218.6009486	48	2866	3.53
1684483219.254147	32	2866	3.53
1684483219.902073	35	2866	3.53
1684483220.537458	44	2866	3.53
1684483221.1702147	34	2866	3.53
1684483221.8027902	30	2866	3.53
1684483222.432587	49	2866	3.53
1684483223.0639012	34	2866	3.53
1684483223.697679	34	2866	3.53
1684483224.3337417	49	2866	3.53
1684483224.967852	32	2866	3.53
1684483225.6062903	50	2866	3.53
1684483226.237534	49	2866	3.53
1684483226.8695812	35	2866	3.53
1684483227.5013523	33	2866	3.53
1684483228.1373353	44	2866	3.53
1684483228.7686272	34	2866	3.53
1684483229.4016461	45	2866	3.53
1684483230.0343575	43	2866	3.53
1684483230.6663299	41	2866	3.53
1684483231.2992117	34	2866	3.53
1684483231.9927125	49	2866	3.53
1684483232.6564043	35	2866	3.53
1684483233.3162048	31	2866	3.53
1684483233.9542315	44	2866	3.53
1684483234.63846	34	2866	3.53
1684483235.3172889	49	2866	3.53
1684483235.9610841	41	2866	3.53
1684483236.6360698	49	2866	3.53
1684483237.2746086	31	2866	3.53
1684483237.906749	42	2866	3.53
1684483238.544385	46	2866	3.53
1684483239.1989975	49	2866	3.53
1684483239.8494852	33	2866	3.53
1684483240.4838917	48	2866	3.53
1684483241.116755	29	2866	3.53
1684483241.7477078	49	2866	3.53
1684483242.3760612	34	2866	3.53
1684483243.0032344	50	2866	3.53
1684483243.6331131	30	2866	3.53
1684483244.268161	39	2866	3.53
1684483244.9122624	92	2866	3.53
1684483245.5539973	83	2866	3.53
1684483246.1845477	35	2866	3.53
1684483246.8143604	49	2866	3.53
1684483247.444149	31	2866	3.53
1684483248.0717442	36	2866	3.53
1684483248.7060297	50	2866	3.53
1684483249.3406239	32	2866	3.53
1684483249.9767268	49	2866	3.53
1684483250.614408	49	2866	3.53
1684483251.2450626	36	2866	3.53
1684483251.872462	41	2866	3.53
1684483252.5088494	46	2866	3.53
1684483253.1458223	32	2866	3.53
1684483253.8013456	50	2866	3.53
1684483254.447174	48	2866	3.53
1684483255.0850427	46	2866	3.53
1684483255.7209437	35	2866	3.53
1684483256.3568244	49	2866	3.53
1684483256.9895468	34	2866	3.53
1684483257.6428998	48	2866	3.53
1684483258.2964575	36	2866	3.53
1684483258.927611	46	2866	3.53
1684483259.5580485	34	2866	3.53
1684483260.1906428	48	2866	3.53
1684483260.826542	41	2866	3.53
1684483261.478717	48	2866	3.53
1684483262.1313093	31	2866	3.53
1684483262.7605643	50	2866	3.53
1684483263.3997397	35	2866	3.53
1684483264.0369833	49	2866	3.53
1684483264.6897588	49	2866	3.53
1684483265.3415742	50	2866	3.53
1684483265.9698653	32	2866	3.53
1684483266.6006522	49	2866	3.53
1684483267.2355254	32	2866	3.53
1684483267.877968	49	2866	3.53
1684483268.5093408	48	2866	3.53
1684483269.1409652	49	2866	3.53
1684483269.773157	33	2866	3.53
1684483270.401724	50	2866	3.53
1684483271.0324223	33	2866	3.53
1684483271.6891744	50	2866	3.53
1684483272.3239796	34	2866	3.53
1684483272.9566257	50	2866	3.53
1684483273.587796	29	2866	3.53
1684483274.2403815	49	2866	3.53
1684483274.8865852	31	2866	3.53
1684483275.5351026	50	2866	3.53
1684483276.167131	41	2866	3.53
1684483276.8200688	49	2866	3.53
1684483277.4552107	29	2866	3.53
1684483278.0852535	51	2866	3.53
1684483278.7232015	34	2866	3.53
1684483279.380304	46	2866	3.53
1684483280.024949	89	2866	3.53
1684483280.65553	43	2866	3.53
1684483281.2867124	50	2866	3.53
1684483281.9373298	49	2866	3.53
1684483282.5902355	42	2866	3.53
1684483283.2224977	50	2866	3.53
1684483283.8553362	34	2866	3.53
1684483284.4885812	34	2866	3.53
1684483285.1310742	44	2866	3.53
1684483285.7642741	46	2866	3.53
1684483286.3987586	49	2866	3.53
1684483287.0344925	49	2866	3.53
1684483287.6690822	35	2866	3.53
1684483288.299298	35	2866	3.53
1684483288.9300659	49	2866	3.53
1684483289.560415	42	2866	3.53
1684483290.2143307	45	2866	3.53
1684483290.862618	42	2866	3.53
1684483291.4985828	34	2866	3.53
1684483292.1471715	48	2866	3.53
1684483292.7771325	35	2866	3.53
1684483293.4061286	49	2866	3.53
1684483294.0413985	34	2866	3.53
1684483294.6747456	50	2866	3.53
1684483295.3105776	31	2866	3.53
1684483295.9417236	41	2866	3.53
1684483296.5876634	42	2866	3.53
1684483297.2179346	48	2866	3.53
1684483297.8539734	32	2866	3.53
1684483298.4911067	47	2866	3.53
1684483299.1324117	33	2866	3.53
1684483299.7647038	35	2866	3.53
1684483300.3995564	35	2866	3.53
1684483301.0783868	48	2866	3.53
1684483301.7125082	32	2866	3.53
1684483302.3494155	36	2866	3.53
1684483303.0048609	42	2866	3.53
1684483303.6355426	49	2866	3.53
1684483304.2672358	35	2866	3.53
1684483304.8984435	43	2866	3.53
1684483305.5319128	34	2866	3.53
1684483306.1652396	41	2866	3.53
1684483306.798992	36	2866	3.53
1684483307.4327374	35	2866	3.53
1684483308.0611663	35	2866	3.53
1684483308.6904895	50	2866	3.53
1684483309.3239763	29	2866	3.53
1684483309.956353	45	2866	3.53
1684483310.6137514	35	2866	3.53
1684483311.2463694	31	2866	3.53
1684483311.8747723	34	2866	3.53
1684483312.505675	50	2866	3.53
1684483313.1572044	31	2866	3.53
1684483313.785511	50	2866	3.53
1684483314.4183342	33	2866	3.53
1684483315.0730426	89	2866	3.53
1684483315.7056894	35	2866	3.53
1684483316.3393786	46	2866	3.53
1684483316.9739664	35	2866	3.53
1684483317.6048226	34	2866	3.53
1684483318.2343957	49	2866	3.53
1684483318.868519	32	2866	3.53
1684483319.5012984	49	2866	3.53
1684483320.1336145	36	2866	3.53
1684483320.7679462	46	2866	3.53
1684483321.4041026	31	2866	3.53
1684483322.0399153	50	2866	3.53
1684483322.6709387	35	2866	3.53
1684483323.3218627	49	2866	3.53
1684483323.9697378	33	2866	3.53
1684483324.6069412	50	2866	3.53
1684483325.2373326	33	2866	3.53
1684483325.8696156	50	2866	3.53
1684483326.5093498	48	2866	3.53
1684483327.1447132	49	2866	3.53
1684483327.7785633	49	2866	3.53
1684483328.4095526	50	2866	3.53
1684483329.04096	34	2866	3.53
1684483329.6741257	49	2866	3.53
1684483330.3481114	50	2866	3.53
1684483330.987103	42	2866	3.53
1684483331.6454759	33	2866	3.53
1684483332.2881122	47	2866	3.53
1684483332.9180381	49	2866	3.53
1684483333.5843134	44	2866	3.53
1684483334.2230752	49	2866	3.53
1684483334.8504472	48	2866	3.53
1684483335.4816294	44	2866	3.53
1684483336.1151	28	2866	3.53
1684483336.771047	43	2866	3.53
1684483337.4088619	46	2866	3.53
1684483338.0443327	25	2866	3.53
1684483338.6783512	42	2866	3.53
1684483339.308366	35	2866	3.53
1684483339.9395733	48	2866	3.53
1684483340.5686631	42	2866	3.53
1684483341.2006857	35	2866	3.53
1684483341.8345969	49	2866	3.53
1684483342.469292	34	2866	3.53
1684483343.1019504	50	2866	3.53
1684483343.7324467	47	2866	3.53
1684483344.3642192	35	2866	3.53
1684483344.9932344	36	2866	3.53
1684483345.6292396	49	2866	3.53
1684483346.2623289	34	2866	3.53
1684483346.8972907	50	2866	3.53
1684483347.5377111	33	2866	3.53
1684483348.1729224	36	2866	3.53
1684483348.8145561	34	2866	3.53
1684483349.4501474	49	2866	3.53
1684483350.1034484	33	2866	3.53
1684483350.7514355	93	2866	3.53
1684483351.3839478	49	2866	3.53
1684483352.0156221	35	2866	3.53
1684483352.6487522	49	2866	3.53
1684483353.2803667	49	2866	3.53
1684483353.9167645	49	2866	3.53
1684483354.5686028	50	2866	3.53
1684483355.2009704	49	2866	3.53
1684483355.8320386	34	2866	3.53
1684483356.4654462	49	2866	3.53
1684483357.1221428	40	2866	3.53
1684483357.766022	43	2866	3.53
1684483358.4000826	48	2866	3.53
1684483359.0419576	48	2866	3.53
1684483359.6747403	42	2866	3.53
1684483360.3080752	49	2866	3.53
1684483360.9514575	49	2866	3.53
1684483361.5873165	42	2866	3.53
1684483362.2209716	48	2866	3.53
1684483362.8535948	34	2866	3.53
1684483363.4851246	47	2866	3.53
1684483364.1189382	50	2866	3.53
1684483364.750136	50	2866	3.53
1684483365.3913612	45	2866	3.53
1684483366.0235496	49	2866	3.53
1684483366.656607	35	2866	3.53
1684483367.2887967	35	2866	3.53
1684483367.9207592	49	2866	3.53
1684483368.5525765	48	2866	3.53
1684483369.1844435	48	2866	3.53
1684483369.8161738	49	2866	3.53
1684483370.4521453	34	2866	3.53
1684483371.0844781	49	2866	3.53
1684483371.7164512	34	2866	3.53
1684483372.34865	42	2866	3.53
1684483372.981596	34	2866	3.53
1684483373.6119552	50	2866	3.53
1684483374.247518	34	2866	3.53
1684483374.877068	50	2866	3.53
1684483375.5127661	34	2866	3.53
1684483376.1492739	39	2866	3.53
1684483376.7802603	47	2866	3.53
1684483377.4092824	50	2866	3.53
1684483378.0420394	31	2866	3.53
1684483378.6731768	49	2866	3.53
1684483379.3094938	31	2866	3.53
1684483379.946332	35	2866	3.53
1684483380.5823479	48	2866	3.53
1684483381.2143042	49	2866	3.53
1684483381.8633595	31	2866	3.53
1684483382.4950435	49	2866	3.53
1684483383.150818	35	2866	3.53
1684483383.8025393	36	2866	3.53
1684483384.4330018	42	2866	3.53
1684483385.0764012	79	2866	3.53
