Timestamp	GPU_Usage_Percentage	GPU_Total_Mem_Usage	GPU_Total_Mem_Usage_Percentage
1684480163.8228743	0	3	0.0
1684480164.4722173	4	750	0.92
1684480165.1036603	4	970	1.19
1684480165.7355394	4	1326	1.63
1684480166.3726351	41	1998	2.46
1684480167.006037	41	1998	2.46
1684480167.6365194	37	1998	2.46
1684480168.267105	49	1998	2.46
1684480168.9000487	29	1998	2.46
1684480169.5332608	44	1998	2.46
1684480170.1711302	35	1998	2.46
1684480170.7999873	46	1998	2.46
1684480171.4307933	34	1998	2.46
1684480172.0697691	43	1998	2.46
1684480172.706077	33	1998	2.46
1684480173.3417544	34	1998	2.46
1684480173.9758575	49	1998	2.46
1684480174.627728	49	1998	2.46
1684480175.2605515	35	1998	2.46
1684480175.9266644	48	1998	2.46
1684480176.590527	34	1998	2.46
1684480177.2430449	50	1998	2.46
1684480177.8773243	35	1998	2.46
1684480178.5071542	42	1998	2.46
1684480179.1752021	41	1998	2.46
1684480179.8122332	30	1998	2.46
1684480180.4864204	33	1998	2.46
1684480181.1197195	34	1998	2.46
1684480181.753924	42	1998	2.46
1684480182.4131646	37	1998	2.46
1684480183.0573907	27	1998	2.46
1684480183.690946	33	1998	2.46
1684480184.3211038	47	1998	2.46
1684480184.9526498	46	1998	2.46
1684480185.5911944	34	1998	2.46
1684480186.226111	49	1998	2.46
1684480186.8634088	31	1998	2.46
1684480187.5146654	49	1998	2.46
1684480188.1640313	49	1998	2.46
1684480188.796744	39	1998	2.46
1684480189.4284446	35	1998	2.46
1684480190.0615084	48	1998	2.46
1684480190.6958673	33	1998	2.46
1684480191.3302581	48	1998	2.46
1684480191.961885	48	1998	2.46
1684480192.5952172	28	1998	2.46
1684480193.2310824	41	1998	2.46
1684480193.8671541	48	1998	2.46
1684480194.5003934	34	1998	2.46
1684480195.136223	49	1998	2.46
1684480195.7877412	48	1998	2.46
1684480196.4165065	34	1998	2.46
1684480197.0501134	50	1998	2.46
1684480197.6829367	34	1998	2.46
1684480198.3174286	49	1998	2.46
1684480198.9533148	37	1998	2.46
1684480199.5874224	41	1998	2.46
1684480200.220566	41	1998	2.46
1684480200.8558893	92	2866	3.53
1684480201.491959	76	2866	3.53
1684480202.124124	49	2866	3.53
1684480202.7614322	35	2866	3.53
1684480203.3954377	51	2866	3.53
1684480204.0307684	35	2866	3.53
1684480204.6623716	37	2866	3.53
1684480205.2952642	36	2866	3.53
1684480205.928396	48	2866	3.53
1684480206.5631168	32	2866	3.53
1684480207.1991584	49	2866	3.53
1684480207.8339355	35	2866	3.53
1684480208.4663167	42	2866	3.53
1684480209.1017296	35	2866	3.53
1684480209.7347977	51	2866	3.53
1684480210.368899	33	2866	3.53
1684480211.0019763	50	2866	3.53
1684480211.6402266	34	2866	3.53
1684480212.274688	49	2866	3.53
1684480212.9085853	34	2866	3.53
1684480213.5387418	34	2866	3.53
1684480214.1784735	51	2866	3.53
1684480214.8092453	36	2866	3.53
1684480215.4400504	35	2866	3.53
1684480216.0745046	47	2866	3.53
1684480216.7065415	34	2866	3.53
1684480217.3407094	49	2866	3.53
1684480217.9686332	48	2866	3.53
1684480218.601752	35	2866	3.53
1684480219.2322278	49	2866	3.53
1684480219.8618386	34	2866	3.53
1684480220.4934177	51	2866	3.53
1684480221.1239545	35	2866	3.53
1684480221.7532237	48	2866	3.53
1684480222.38947	48	2866	3.53
1684480223.0399497	49	2866	3.53
1684480223.6867352	30	2866	3.53
1684480224.3209631	35	2866	3.53
1684480224.9755611	51	2866	3.53
1684480225.626268	51	2866	3.53
1684480226.259114	35	2866	3.53
1684480226.9086468	48	2866	3.53
1684480227.5431893	35	2866	3.53
1684480228.1744027	45	2866	3.53
1684480228.8079228	36	2866	3.53
1684480229.4394042	39	2866	3.53
1684480230.071897	32	2866	3.53
1684480230.6992738	43	2866	3.53
1684480231.334475	33	2866	3.53
1684480231.9680972	50	2866	3.53
1684480232.6005392	40	2866	3.53
1684480233.231097	42	2866	3.53
1684480233.8642924	42	2866	3.53
1684480234.494463	42	2866	3.53
1684480235.1369028	35	2866	3.53
1684480235.780837	88	2866	3.53
1684480236.4163084	32	2866	3.53
1684480237.0483763	49	2866	3.53
1684480237.6826801	35	2866	3.53
1684480238.3124504	49	2866	3.53
1684480238.9436214	42	2866	3.53
1684480239.574884	46	2866	3.53
1684480240.2060597	33	2866	3.53
1684480240.838217	49	2866	3.53
1684480241.474258	32	2866	3.53
1684480242.107255	49	2866	3.53
1684480242.7403824	36	2866	3.53
1684480243.3906147	42	2866	3.53
1684480244.0328836	32	2866	3.53
1684480244.6710014	50	2866	3.53
1684480245.3044784	35	2866	3.53
1684480245.9361029	49	2866	3.53
1684480246.5712817	35	2866	3.53
1684480247.2025073	35	2866	3.53
1684480247.8345726	49	2866	3.53
1684480248.4641864	41	2866	3.53
1684480249.1024435	35	2866	3.53
1684480249.7364073	49	2866	3.53
1684480250.3682847	35	2866	3.53
1684480251.0020936	50	2866	3.53
1684480251.6300793	46	2866	3.53
1684480252.2827666	33	2866	3.53
1684480252.9161475	47	2866	3.53
1684480253.5529895	35	2866	3.53
1684480254.1887524	50	2866	3.53
1684480254.823245	31	2866	3.53
1684480255.457119	35	2866	3.53
1684480256.0882792	42	2866	3.53
1684480256.7194018	36	2866	3.53
1684480257.3515618	34	2866	3.53
1684480257.987837	42	2866	3.53
1684480258.6233933	34	2866	3.53
1684480259.255507	50	2866	3.53
1684480259.8875275	49	2866	3.53
1684480260.5209582	35	2866	3.53
1684480261.15287	51	2866	3.53
1684480261.7855713	35	2866	3.53
1684480262.4211926	49	2866	3.53
1684480263.0755646	35	2866	3.53
1684480263.7066214	49	2866	3.53
1684480264.3393464	50	2866	3.53
1684480264.9697125	47	2866	3.53
1684480265.6066399	45	2866	3.53
1684480266.2392378	49	2866	3.53
1684480266.8746023	29	2866	3.53
1684480267.5098455	50	2866	3.53
1684480268.1408687	49	2866	3.53
1684480268.773823	38	2866	3.53
1684480269.4235435	67	2866	3.53
1684480270.0661993	92	2866	3.53
1684480270.7005851	41	2866	3.53
1684480271.3310628	36	2866	3.53
1684480271.9651036	32	2866	3.53
1684480272.597037	32	2866	3.53
1684480273.228174	49	2866	3.53
1684480273.8620758	35	2866	3.53
1684480274.5370183	45	2866	3.53
1684480275.1906486	35	2866	3.53
1684480275.8432126	48	2866	3.53
1684480276.4723837	29	2866	3.53
1684480277.148662	49	2866	3.53
1684480277.7819865	35	2866	3.53
1684480278.4178584	28	2866	3.53
1684480279.081604	35	2866	3.53
1684480279.752359	51	2866	3.53
1684480280.38665	34	2866	3.53
1684480281.0483344	35	2866	3.53
1684480281.6978493	49	2866	3.53
1684480282.3245618	51	2866	3.53
1684480282.9612505	44	2866	3.53
1684480283.5950513	50	2866	3.53
1684480284.2293456	42	2866	3.53
1684480284.8652835	45	2866	3.53
1684480285.4928842	51	2866	3.53
1684480286.1282449	35	2866	3.53
1684480286.775775	49	2866	3.53
1684480287.408631	50	2866	3.53
1684480288.041988	47	2866	3.53
1684480288.67464	49	2866	3.53
1684480289.3035133	41	2866	3.53
1684480289.9367688	32	2866	3.53
1684480290.5709124	49	2866	3.53
1684480291.21304	42	2866	3.53
1684480291.8512526	43	2866	3.53
1684480292.4895422	50	2866	3.53
1684480293.1243641	35	2866	3.53
1684480293.7566638	35	2866	3.53
1684480294.3866186	49	2866	3.53
1684480295.0169582	35	2866	3.53
1684480295.6487312	50	2866	3.53
1684480296.287504	35	2866	3.53
1684480296.9238973	49	2866	3.53
1684480297.576572	48	2866	3.53
1684480298.206671	47	2866	3.53
1684480298.8372881	33	2866	3.53
1684480299.4670196	48	2866	3.53
1684480300.1005645	35	2866	3.53
1684480300.7329867	51	2866	3.53
1684480301.3692842	35	2866	3.53
1684480302.000469	47	2866	3.53
1684480302.6339097	41	2866	3.53
1684480303.2640538	42	2866	3.53
1684480303.912382	38	2866	3.53
1684480304.5548933	93	2866	3.53
1684480305.1889956	42	2866	3.53
1684480305.824653	51	2866	3.53
1684480306.4583871	49	2866	3.53
1684480307.0907667	35	2866	3.53
1684480307.7191875	50	2866	3.53
1684480308.3501377	35	2866	3.53
1684480308.982865	49	2866	3.53
1684480309.618754	35	2866	3.53
1684480310.2506256	49	2866	3.53
1684480310.8836498	48	2866	3.53
1684480311.5142329	49	2866	3.53
1684480312.1643915	35	2866	3.53
1684480312.796003	50	2866	3.53
1684480313.4292352	35	2866	3.53
1684480314.0634553	50	2866	3.53
1684480314.6979213	31	2866	3.53
1684480315.3321483	34	2866	3.53
1684480315.9638672	40	2866	3.53
1684480316.5963893	43	2866	3.53
1684480317.2284286	36	2866	3.53
1684480317.8606098	51	2866	3.53
1684480318.4930584	34	2866	3.53
1684480319.1267323	49	2866	3.53
1684480319.755936	51	2866	3.53
1684480320.3865616	34	2866	3.53
1684480321.0190575	50	2866	3.53
1684480321.646576	33	2866	3.53
1684480322.2826474	35	2866	3.53
1684480322.9166706	48	2866	3.53
1684480323.5515382	35	2866	3.53
1684480324.1839676	34	2866	3.53
1684480324.813099	50	2866	3.53
1684480325.4461598	35	2866	3.53
1684480326.0778139	43	2866	3.53
1684480326.7108915	42	2866	3.53
1684480327.347592	35	2866	3.53
1684480327.9830894	48	2866	3.53
1684480328.615758	47	2866	3.53
1684480329.2527764	30	2866	3.53
1684480329.8901756	49	2866	3.53
1684480330.5208545	35	2866	3.53
1684480331.1538134	49	2866	3.53
1684480331.7871485	39	2866	3.53
1684480332.4206946	35	2866	3.53
1684480333.0546556	34	2866	3.53
1684480333.686267	49	2866	3.53
1684480334.3168652	33	2866	3.53
1684480334.9462621	48	2866	3.53
1684480335.586311	42	2866	3.53
1684480336.2232244	32	2866	3.53
1684480336.8568926	49	2866	3.53
1684480337.4908211	49	2866	3.53
1684480338.1221187	34	2866	3.53
1684480338.76428	90	2866	3.53
1684480339.3974915	46	2866	3.53
1684480340.0302284	49	2866	3.53
1684480340.6682215	48	2866	3.53
1684480341.3043678	35	2866	3.53
1684480341.933826	32	2866	3.53
1684480342.5663738	51	2866	3.53
1684480343.2007012	43	2866	3.53
1684480343.839034	47	2866	3.53
1684480344.4715052	48	2866	3.53
1684480345.1081927	30	2866	3.53
1684480345.7403436	50	2866	3.53
1684480346.374201	38	2866	3.53
1684480347.0049853	50	2866	3.53
1684480347.637261	35	2866	3.53
1684480348.270099	49	2866	3.53
1684480348.9031968	35	2866	3.53
1684480349.5341754	49	2866	3.53
1684480350.1722093	35	2866	3.53
1684480350.800906	40	2866	3.53
1684480351.4324641	50	2866	3.53
1684480352.0611124	46	2866	3.53
1684480352.6932087	42	2866	3.53
1684480353.3260384	47	2866	3.53
1684480353.9606187	35	2866	3.53
1684480354.5942574	51	2866	3.53
1684480355.22471	42	2866	3.53
1684480355.853462	45	2866	3.53
1684480356.4850855	47	2866	3.53
1684480357.1150122	50	2866	3.53
1684480357.7492578	32	2866	3.53
1684480358.3824556	49	2866	3.53
1684480359.0158432	34	2866	3.53
1684480359.649887	43	2866	3.53
1684480360.2805665	42	2866	3.53
1684480360.9162788	48	2866	3.53
1684480361.5483127	35	2866	3.53
1684480362.1795282	49	2866	3.53
1684480362.8154144	35	2866	3.53
1684480363.448417	41	2866	3.53
1684480364.079242	36	2866	3.53
1684480364.7100832	47	2866	3.53
1684480365.342805	35	2866	3.53
1684480365.9720721	51	2866	3.53
1684480366.600896	34	2866	3.53
1684480367.2321742	49	2866	3.53
1684480367.8623896	35	2866	3.53
1684480368.4932203	47	2866	3.53
1684480369.1258447	34	2866	3.53
1684480369.7572823	48	2866	3.53
1684480370.3876674	35	2866	3.53
1684480371.0154474	48	2866	3.53
1684480371.6487331	35	2866	3.53
1684480372.2799063	51	2866	3.53
1684480372.9453757	35	2866	3.53
1684480373.6230526	91	2866	3.53
1684480374.2801995	50	2866	3.53
1684480374.9146202	33	2866	3.53
1684480375.5529602	34	2866	3.53
1684480376.2017126	39	2866	3.53
1684480376.8355765	47	2866	3.53
1684480377.4682953	34	2866	3.53
1684480378.0993047	49	2866	3.53
1684480378.7560434	27	2866	3.53
1684480379.4170089	36	2866	3.53
1684480380.0498784	35	2866	3.53
1684480380.6801775	46	2866	3.53
1684480381.3146632	35	2866	3.53
1684480381.95163	36	2866	3.53
1684480382.5857015	42	2866	3.53
1684480383.2227938	29	2866	3.53
1684480383.8537037	35	2866	3.53
1684480384.4853497	49	2866	3.53
1684480385.113436	33	2866	3.53
1684480385.743576	30	2866	3.53
1684480386.3782501	48	2866	3.53
1684480387.01244	35	2866	3.53
1684480387.6474404	49	2866	3.53
1684480388.2788022	34	2866	3.53
1684480388.9103384	29	2866	3.53
1684480389.5425491	42	2866	3.53
1684480390.1731725	35	2866	3.53
1684480390.826287	35	2866	3.53
1684480391.479154	48	2866	3.53
1684480392.1149578	46	2866	3.53
1684480392.7482674	35	2866	3.53
1684480393.3810918	47	2866	3.53
1684480394.0140994	32	2866	3.53
1684480394.6484225	40	2866	3.53
1684480395.2832656	38	2866	3.53
1684480395.9182422	35	2866	3.53
1684480396.5509884	34	2866	3.53
1684480397.1839018	50	2866	3.53
1684480397.8151524	30	2866	3.53
1684480398.4478872	49	2866	3.53
1684480399.086657	32	2866	3.53
1684480399.7214873	35	2866	3.53
1684480400.3553867	43	2866	3.53
1684480400.987464	49	2866	3.53
1684480401.6203938	34	2866	3.53
1684480402.2517729	49	2866	3.53
1684480402.8864484	35	2866	3.53
1684480403.5195343	47	2866	3.53
1684480404.1584268	35	2866	3.53
1684480404.7943776	36	2866	3.53
1684480405.425946	46	2866	3.53
1684480406.057091	49	2866	3.53
1684480406.6874187	35	2866	3.53
1684480407.3206298	51	2866	3.53
1684480407.9763217	89	2866	3.53
1684480408.6129987	57	2866	3.53
1684480409.2468154	49	2866	3.53
1684480409.87949	32	2866	3.53
1684480410.5126994	42	2866	3.53
1684480411.142908	35	2866	3.53
1684480411.7761073	34	2866	3.53
1684480412.4205368	49	2866	3.53
1684480413.055018	35	2866	3.53
1684480413.6860857	35	2866	3.53
1684480414.3192012	49	2866	3.53
1684480414.9490957	35	2866	3.53
1684480415.5808175	48	2866	3.53
1684480416.2136953	35	2866	3.53
1684480416.8678198	36	2866	3.53
1684480417.5006855	40	2866	3.53
1684480418.1328368	50	2866	3.53
1684480418.7660193	35	2866	3.53
1684480419.3940623	49	2866	3.53
1684480420.0231817	35	2866	3.53
1684480420.6573586	49	2866	3.53
1684480421.2979934	35	2866	3.53
1684480421.9366264	35	2866	3.53
1684480422.5669377	35	2866	3.53
1684480423.1973448	49	2866	3.53
1684480423.8325036	34	2866	3.53
1684480424.4636316	49	2866	3.53
1684480425.096253	32	2866	3.53
1684480425.728175	42	2866	3.53
1684480426.362694	35	2866	3.53
1684480426.990842	49	2866	3.53
1684480427.6215463	43	2866	3.53
1684480428.248191	47	2866	3.53
1684480428.8800697	35	2866	3.53
1684480429.5133758	49	2866	3.53
1684480430.1458228	34	2866	3.53
1684480430.7869473	51	2866	3.53
1684480431.4160926	48	2866	3.53
1684480432.054831	44	2866	3.53
1684480432.6894639	51	2866	3.53
1684480433.3205624	49	2866	3.53
1684480433.9542954	49	2866	3.53
1684480434.5904977	51	2866	3.53
1684480435.2223523	38	2866	3.53
1684480435.8666418	35	2866	3.53
1684480436.5093138	47	2866	3.53
1684480437.138478	36	2866	3.53
1684480437.768208	49	2866	3.53
1684480438.419535	35	2866	3.53
1684480439.0670826	51	2866	3.53
1684480439.7055802	42	2866	3.53
1684480440.3361373	40	2866	3.53
1684480440.9790964	37	2866	3.53
1684480441.6285136	49	2866	3.53
1684480442.2744145	89	2866	3.53
1684480442.9079492	50	2866	3.53
1684480443.537596	50	2866	3.53
1684480444.167878	35	2866	3.53
1684480444.805172	41	2866	3.53
1684480445.4396393	45	2866	3.53
1684480446.0933728	31	2866	3.53
1684480446.7233717	51	2866	3.53
1684480447.3647153	47	2866	3.53
1684480447.994522	51	2866	3.53
1684480448.6303897	49	2866	3.53
1684480449.2799346	49	2866	3.53
1684480449.9202013	34	2866	3.53
1684480450.552411	49	2866	3.53
1684480451.1852548	49	2866	3.53
1684480451.815761	44	2866	3.53
1684480452.4491024	34	2866	3.53
1684480453.0806975	48	2866	3.53
1684480453.7172122	35	2866	3.53
1684480454.3508506	32	2866	3.53
1684480454.982035	44	2866	3.53
1684480455.6152792	49	2866	3.53
1684480456.249626	34	2866	3.53
1684480456.8812246	44	2866	3.53
1684480457.5128553	36	2866	3.53
1684480458.1488936	33	2866	3.53
1684480458.785016	47	2866	3.53
1684480459.4269962	34	2866	3.53
1684480460.0600824	34	2866	3.53
1684480460.6938763	36	2866	3.53
1684480461.3269703	41	2866	3.53
1684480461.962491	34	2866	3.53
1684480462.5992627	47	2866	3.53
1684480463.2358375	33	2866	3.53
1684480463.8911748	35	2866	3.53
1684480464.5425842	50	2866	3.53
1684480465.1760352	35	2866	3.53
1684480465.8110354	42	2866	3.53
1684480466.4408116	35	2866	3.53
1684480467.0755804	34	2866	3.53
1684480467.7081654	35	2866	3.53
1684480468.3422503	51	2866	3.53
1684480468.9747226	35	2866	3.53
1684480469.6033525	51	2866	3.53
1684480470.241164	35	2866	3.53
1684480470.9002597	42	2866	3.53
1684480471.5522532	50	2866	3.53
1684480472.1856678	48	2866	3.53
1684480472.8198938	35	2866	3.53
1684480473.45825	50	2866	3.53
1684480474.1083338	34	2866	3.53
1684480474.749667	50	2866	3.53
1684480475.4275901	49	2866	3.53
1684480476.0885034	49	2866	3.53
1684480476.7436285	38	2866	3.53
1684480477.3760378	90	2866	3.53
1684480478.0324187	38	2866	3.53
1684480478.6729224	35	2866	3.53
1684480479.339017	33	2866	3.53
1684480479.9948552	42	2866	3.53
1684480480.6459367	41	2866	3.53
1684480481.299862	36	2866	3.53
1684480481.9593263	33	2866	3.53
1684480482.6051962	50	2866	3.53
1684480483.2561557	48	2866	3.53
1684480483.9087374	35	2866	3.53
1684480484.5534642	49	2866	3.53
1684480485.19946	35	2866	3.53
1684480485.828833	35	2866	3.53
1684480486.4603858	44	2866	3.53
1684480487.0962865	49	2866	3.53
1684480487.729446	34	2866	3.53
1684480488.3832347	50	2866	3.53
1684480489.0403128	35	2866	3.53
1684480489.6885026	45	2866	3.53
1684480490.34084	51	2866	3.53
1684480490.9990807	49	2866	3.53
1684480491.6527379	48	2866	3.53
1684480492.299319	51	2866	3.53
1684480492.9418514	48	2866	3.53
1684480493.570732	32	2866	3.53
1684480494.2029483	49	2866	3.53
1684480494.8351352	51	2866	3.53
1684480495.4888122	42	2866	3.53
1684480496.120403	49	2866	3.53
1684480496.7553263	49	2866	3.53
1684480497.386227	49	2866	3.53
1684480498.0235732	27	2866	3.53
1684480498.6538572	49	2866	3.53
1684480499.291968	32	2866	3.53
1684480499.9439936	34	2866	3.53
1684480500.5938914	35	2866	3.53
1684480501.2283795	49	2866	3.53
1684480501.882337	34	2866	3.53
1684480502.5218368	46	2866	3.53
1684480503.1690085	35	2866	3.53
1684480503.8186827	43	2866	3.53
1684480504.4705403	42	2866	3.53
1684480505.1024575	49	2866	3.53
1684480505.745333	33	2866	3.53
1684480506.3815117	47	2866	3.53
1684480507.0150104	47	2866	3.53
1684480507.6459398	50	2866	3.53
1684480508.2792087	40	2866	3.53
1684480508.910599	48	2866	3.53
1684480509.550201	35	2866	3.53
1684480510.1825447	49	2866	3.53
1684480510.8174682	35	2866	3.53
1684480511.4470093	49	2866	3.53
1684480512.088183	90	2866	3.53
1684480512.7168934	42	2866	3.53
1684480513.3476493	34	2866	3.53
1684480513.9816537	50	2866	3.53
1684480514.6165552	35	2866	3.53
1684480515.2725947	49	2866	3.53
1684480515.9046094	49	2866	3.53
1684480516.5376987	33	2866	3.53
1684480517.1696224	37	2866	3.53
1684480517.815513	38	2866	3.53
1684480518.4468734	35	2866	3.53
1684480519.0943172	47	2866	3.53
1684480519.7275724	48	2866	3.53
1684480520.3609974	30	2866	3.53
1684480520.9997768	34	2866	3.53
1684480521.6325233	49	2866	3.53
1684480522.2653012	34	2866	3.53
1684480522.8975713	48	2866	3.53
1684480523.533119	43	2866	3.53
1684480524.1604805	43	2866	3.53
1684480524.7971919	33	2866	3.53
1684480525.4292786	49	2866	3.53
1684480526.0583992	35	2866	3.53
1684480526.6909184	47	2866	3.53
1684480527.3239915	35	2866	3.53
1684480527.95471	41	2866	3.53
1684480528.5901227	34	2866	3.53
1684480529.2435966	49	2866	3.53
1684480529.8749883	35	2866	3.53
1684480530.520576	51	2866	3.53
1684480531.155981	29	2866	3.53
1684480531.7874603	39	2866	3.53
1684480532.4443185	35	2866	3.53
1684480533.0789943	40	2866	3.53
1684480533.7135746	35	2866	3.53
1684480534.350167	51	2866	3.53
1684480534.9850135	34	2866	3.53
1684480535.6200168	47	2866	3.53
1684480536.2722776	36	2866	3.53
1684480536.9216728	42	2866	3.53
1684480537.5581756	34	2866	3.53
1684480538.2121186	49	2866	3.53
1684480538.849688	35	2866	3.53
1684480539.483376	31	2866	3.53
1684480540.111465	51	2866	3.53
1684480540.7459667	32	2866	3.53
1684480541.3987443	35	2866	3.53
1684480542.0302901	45	2866	3.53
1684480542.6840289	34	2866	3.53
1684480543.3157163	28	2866	3.53
1684480543.951255	31	2866	3.53
1684480544.604952	43	2866	3.53
1684480545.261217	35	2866	3.53
1684480545.894613	50	2866	3.53
1684480546.536095	78	2866	3.53
1684480547.1843624	90	2866	3.53
1684480547.8249247	50	2866	3.53
1684480548.4567316	35	2866	3.53
1684480549.0948257	48	2866	3.53
1684480549.72756	46	2866	3.53
1684480550.3605568	37	2866	3.53
1684480550.992478	35	2866	3.53
1684480551.6256099	46	2866	3.53
1684480552.2529523	34	2866	3.53
1684480552.8857088	49	2866	3.53
1684480553.5193117	35	2866	3.53
1684480554.1563272	43	2866	3.53
1684480554.7891405	37	2866	3.53
1684480555.419468	37	2866	3.53
1684480556.050411	35	2866	3.53
1684480556.6805098	42	2866	3.53
1684480557.3189094	35	2866	3.53
1684480557.951857	49	2866	3.53
1684480558.5852022	30	2866	3.53
1684480559.2199242	33	2866	3.53
1684480559.8512175	50	2866	3.53
1684480560.4800003	35	2866	3.53
1684480561.1149554	46	2866	3.53
1684480561.7698517	32	2866	3.53
1684480562.418638	34	2866	3.53
1684480563.0521731	31	2866	3.53
1684480563.706149	49	2866	3.53
1684480564.3365052	35	2866	3.53
1684480564.9851174	49	2866	3.53
1684480565.6269355	35	2866	3.53
1684480566.281792	46	2866	3.53
1684480566.9295306	44	2866	3.53
1684480567.5604274	45	2866	3.53
1684480568.1888332	33	2866	3.53
1684480568.8491802	51	2866	3.53
1684480569.5060682	49	2866	3.53
1684480570.1386404	42	2866	3.53
1684480570.8329768	49	2866	3.53
1684480571.4715881	51	2866	3.53
1684480572.124627	49	2866	3.53
1684480572.7836387	34	2866	3.53
1684480573.4212193	48	2866	3.53
1684480574.0576932	33	2866	3.53
1684480574.692011	44	2866	3.53
1684480575.3452308	49	2866	3.53
1684480575.989815	49	2866	3.53
1684480576.6589913	35	2866	3.53
1684480577.2965214	51	2866	3.53
1684480577.9295201	34	2866	3.53
1684480578.5741522	30	2866	3.53
1684480579.2143648	43	2866	3.53
1684480579.85727	48	2866	3.53
1684480580.4935677	27	2866	3.53
1684480581.1449456	84	2866	3.53
1684480581.7847333	76	2866	3.53
1684480582.4166596	43	2866	3.53
1684480583.0478153	35	2866	3.53
1684480583.6808765	49	2866	3.53
1684480584.313288	35	2866	3.53
1684480584.9462972	50	2866	3.53
1684480585.5772202	35	2866	3.53
1684480586.2270803	42	2866	3.53
1684480586.8586807	42	2866	3.53
1684480587.4902518	45	2866	3.53
1684480588.1241407	34	2866	3.53
1684480588.7555375	43	2866	3.53
1684480589.3871582	41	2866	3.53
1684480590.0231798	34	2866	3.53
1684480590.664057	49	2866	3.53
1684480591.316534	42	2866	3.53
1684480591.9488297	41	2866	3.53
1684480592.583612	34	2866	3.53
1684480593.2145972	49	2866	3.53
1684480593.8493512	34	2866	3.53
1684480594.4824705	51	2866	3.53
1684480595.1197128	51	2866	3.53
1684480595.7544649	35	2866	3.53
1684480596.38584	42	2866	3.53
1684480597.0201843	35	2866	3.53
1684480597.657443	32	2866	3.53
1684480598.2903562	50	2866	3.53
1684480598.9218009	42	2866	3.53
1684480599.5536442	38	2866	3.53
1684480600.182417	32	2866	3.53
1684480600.8166664	46	2866	3.53
1684480601.4514499	28	2866	3.53
1684480602.0880067	41	2866	3.53
1684480602.7289002	47	2866	3.53
1684480603.3656185	49	2866	3.53
1684480604.0006914	34	2866	3.53
1684480604.6409404	49	2866	3.53
1684480605.275933	35	2866	3.53
1684480605.909914	50	2866	3.53
1684480606.5430293	35	2866	3.53
1684480607.178451	45	2866	3.53
1684480607.8134527	46	2866	3.53
1684480608.446049	43	2866	3.53
1684480609.0946136	33	2866	3.53
1684480609.7389724	28	2866	3.53
1684480610.3758988	51	2866	3.53
1684480611.0245152	50	2866	3.53
1684480611.6518178	28	2866	3.53
1684480612.2830827	46	2866	3.53
1684480612.917219	42	2866	3.53
1684480613.5498703	33	2866	3.53
1684480614.185412	45	2866	3.53
1684480614.8386862	34	2866	3.53
1684480615.4700904	35	2866	3.53
1684480616.119589	76	2866	3.53
1684480616.7652628	90	2866	3.53
1684480617.3994071	49	2866	3.53
1684480618.0349264	49	2866	3.53
1684480618.6686397	43	2866	3.53
1684480619.3189614	35	2866	3.53
1684480619.9510696	49	2866	3.53
1684480620.5804996	33	2866	3.53
1684480621.2105887	51	2866	3.53
1684480621.8585532	39	2866	3.53
1684480622.489536	46	2866	3.53
1684480623.120207	31	2866	3.53
1684480623.7518866	48	2866	3.53
1684480624.382848	35	2866	3.53
1684480625.0129418	51	2866	3.53
1684480625.6636539	43	2866	3.53
1684480626.2939265	48	2866	3.53
1684480626.9279382	49	2866	3.53
1684480627.5598905	51	2866	3.53
1684480628.1939404	31	2866	3.53
1684480628.8454075	42	2866	3.53
1684480629.4776714	47	2866	3.53
1684480630.1100821	47	2866	3.53
1684480630.7439682	50	2866	3.53
1684480631.3732128	49	2866	3.53
1684480632.0251534	35	2866	3.53
1684480632.6575766	48	2866	3.53
1684480633.2893693	48	2866	3.53
1684480633.9436572	42	2866	3.53
1684480634.583194	43	2866	3.53
1684480635.2159452	49	2866	3.53
1684480635.8713038	39	2866	3.53
1684480636.5246487	50	2866	3.53
1684480637.161641	49	2866	3.53
1684480637.7964103	38	2866	3.53
1684480638.4501648	34	2866	3.53
1684480639.0807621	49	2866	3.53
1684480639.7151556	36	2866	3.53
1684480640.3424146	50	2866	3.53
1684480640.9806402	48	2866	3.53
1684480641.6126516	49	2866	3.53
1684480642.2619252	35	2866	3.53
1684480642.91328	50	2866	3.53
1684480643.5434453	30	2866	3.53
1684480644.178127	49	2866	3.53
1684480644.811993	36	2866	3.53
1684480645.440497	42	2866	3.53
1684480646.0739	29	2866	3.53
1684480646.7051182	50	2866	3.53
1684480647.3401647	34	2866	3.53
1684480647.9717655	51	2866	3.53
1684480648.6057408	42	2866	3.53
1684480649.2387516	45	2866	3.53
1684480649.8932393	44	2866	3.53
1684480650.5277636	43	2866	3.53
1684480651.172679	92	2866	3.53
1684480651.8092277	75	2866	3.53
1684480652.4414928	49	2866	3.53
1684480653.0739079	33	2866	3.53
1684480653.7268777	46	2866	3.53
1684480654.3585224	42	2866	3.53
1684480654.9902134	34	2866	3.53
1684480655.622919	36	2866	3.53
1684480656.2778265	42	2866	3.53
1684480656.9136596	34	2866	3.53
1684480657.5479183	49	2866	3.53
1684480658.1799197	48	2866	3.53
1684480658.81016	32	2866	3.53
1684480659.4427767	37	2866	3.53
1684480660.0731065	38	2866	3.53
1684480660.709519	31	2866	3.53
1684480661.3596735	49	2866	3.53
1684480662.0319831	42	2866	3.53
1684480662.6618528	35	2866	3.53
1684480663.2938325	33	2866	3.53
1684480663.9301093	44	2866	3.53
1684480664.5639448	33	2866	3.53
1684480665.1962616	49	2866	3.53
1684480665.8299818	51	2866	3.53
1684480666.4610162	35	2866	3.53
1684480667.1061718	49	2866	3.53
1684480667.773052	35	2866	3.53
1684480668.4382753	34	2866	3.53
1684480669.078528	34	2866	3.53
1684480669.7124138	51	2866	3.53
1684480670.3878925	32	2866	3.53
1684480671.0303388	47	2866	3.53
1684480671.6688077	33	2866	3.53
1684480672.3105814	50	2866	3.53
1684480672.982572	43	2866	3.53
1684480673.636409	49	2866	3.53
1684480674.2785578	33	2866	3.53
1684480674.9385138	35	2866	3.53
1684480675.5793898	49	2866	3.53
1684480676.2159998	47	2866	3.53
1684480676.8484125	46	2866	3.53
1684480677.4821522	49	2866	3.53
1684480678.1172266	34	2866	3.53
1684480678.7649984	35	2866	3.53
1684480679.3970792	49	2866	3.53
1684480680.0354936	37	2866	3.53
1684480680.66691	51	2866	3.53
1684480681.2992556	48	2866	3.53
1684480681.935539	44	2866	3.53
1684480682.5742705	33	2866	3.53
1684480683.2029343	50	2866	3.53
1684480683.8314867	35	2866	3.53
1684480684.462284	50	2866	3.53
1684480685.095479	39	2866	3.53
1684480685.7526045	55	2866	3.53
1684480686.3907504	91	2866	3.53
1684480687.0231917	49	2866	3.53
1684480687.6616423	42	2866	3.53
1684480688.292184	49	2866	3.53
1684480688.9234593	34	2866	3.53
1684480689.5548363	45	2866	3.53
1684480690.2067204	33	2866	3.53
1684480690.8369434	49	2866	3.53
1684480691.4694223	34	2866	3.53
1684480692.1022515	49	2866	3.53
1684480692.7395213	35	2866	3.53
1684480693.3725185	49	2866	3.53
1684480694.0051696	33	2866	3.53
1684480694.640395	38	2866	3.53
1684480695.2707334	48	2866	3.53
1684480695.901767	49	2866	3.53
1684480696.53383	35	2866	3.53
1684480697.1627092	49	2866	3.53
1684480697.7964485	34	2866	3.53
1684480698.4482362	51	2866	3.53
1684480699.0798917	34	2866	3.53
1684480699.7096999	42	2866	3.53
1684480700.341987	49	2866	3.53
1684480700.9705808	48	2866	3.53
1684480701.6009872	34	2866	3.53
1684480702.2346082	48	2866	3.53
1684480702.8692718	35	2866	3.53
1684480703.519229	49	2866	3.53
1684480704.156904	40	2866	3.53
1684480704.7992542	49	2866	3.53
1684480705.4387448	33	2866	3.53
1684480706.073329	49	2866	3.53
1684480706.7083027	30	2866	3.53
1684480707.3395662	39	2866	3.53
1684480707.970333	48	2866	3.53
1684480708.6045318	49	2866	3.53
1684480709.2385788	35	2866	3.53
1684480709.8761525	49	2866	3.53
1684480710.5316122	35	2866	3.53
1684480711.1642716	49	2866	3.53
1684480711.794722	49	2866	3.53
1684480712.4260082	42	2866	3.53
1684480713.0567145	50	2866	3.53
1684480713.6891031	51	2866	3.53
1684480714.322539	49	2866	3.53
1684480714.9545887	49	2866	3.53
1684480715.586429	30	2866	3.53
1684480716.2217426	42	2866	3.53
1684480716.8735013	50	2866	3.53
1684480717.513146	50	2866	3.53
1684480718.1471384	45	2866	3.53
1684480718.790297	48	2866	3.53
1684480719.4415417	50	2866	3.53
1684480720.0924938	34	2866	3.53
1684480720.7437704	89	2866	3.53
1684480721.3758724	34	2866	3.53
1684480722.0276272	36	2866	3.53
1684480722.665268	43	2866	3.53
1684480723.2970352	46	2866	3.53
1684480723.931201	28	2866	3.53
1684480724.5683622	33	2866	3.53
1684480725.204343	45	2866	3.53
1684480725.838433	33	2866	3.53
1684480726.4779334	49	2866	3.53
1684480727.120648	49	2866	3.53
1684480727.7735336	35	2866	3.53
1684480728.4065537	42	2866	3.53
1684480729.044959	35	2866	3.53
1684480729.6796722	31	2866	3.53
1684480730.3366044	30	2866	3.53
1684480730.9678822	46	2866	3.53
1684480731.5998757	31	2866	3.53
1684480732.2352962	35	2866	3.53
1684480732.8705688	49	2866	3.53
1684480733.5044389	34	2866	3.53
1684480734.1382518	45	2866	3.53
1684480734.7733154	42	2866	3.53
1684480735.4064136	35	2866	3.53
1684480736.033818	36	2866	3.53
1684480736.6714182	38	2866	3.53
1684480737.306864	33	2866	3.53
1684480737.959578	50	2866	3.53
1684480738.591421	46	2866	3.53
1684480739.2415507	28	2866	3.53
1684480739.8965135	42	2866	3.53
1684480740.549987	35	2866	3.53
1684480741.1867592	32	2866	3.53
1684480741.8243637	34	2866	3.53
1684480742.459017	51	2866	3.53
1684480743.088836	34	2866	3.53
1684480743.71951	48	2866	3.53
1684480744.355396	29	2866	3.53
1684480744.9953928	34	2866	3.53
1684480745.6320784	49	2866	3.53
1684480746.2633646	50	2866	3.53
1684480746.895384	33	2866	3.53
1684480747.5263324	43	2866	3.53
1684480748.1620984	34	2866	3.53
1684480748.7971165	45	2866	3.53
1684480749.4314554	34	2866	3.53
1684480750.066492	35	2866	3.53
1684480750.6955197	33	2866	3.53
1684480751.326758	45	2866	3.53
1684480751.957212	32	2866	3.53
1684480752.5875745	32	2866	3.53
1684480753.2474592	44	2866	3.53
1684480753.8805947	35	2866	3.53
1684480754.5120544	34	2866	3.53
1684480755.164578	40	2866	3.53
1684480755.80813	92	2866	3.53
1684480756.4440174	28	2866	3.53
1684480757.08251	43	2866	3.53
1684480757.7203617	35	2866	3.53
1684480758.3556821	49	2866	3.53
1684480758.9864476	29	2866	3.53
1684480759.6189897	49	2866	3.53
1684480760.2522173	48	2866	3.53
1684480760.9051945	41	2866	3.53
1684480761.5364296	49	2866	3.53
1684480762.1663394	34	2866	3.53
1684480762.7971377	33	2866	3.53
1684480763.4357572	49	2866	3.53
1684480764.0955472	41	2866	3.53
1684480764.7266805	49	2866	3.53
1684480765.3588774	49	2866	3.53
1684480765.9948993	48	2866	3.53
1684480766.67247	31	2866	3.53
1684480767.3065724	51	2866	3.53
1684480767.9726906	33	2866	3.53
1684480768.6046932	50	2866	3.53
1684480769.2382338	42	2866	3.53
1684480769.8696423	45	2866	3.53
1684480770.5367525	32	2866	3.53
1684480771.1802294	49	2866	3.53
1684480771.851074	45	2866	3.53
1684480772.5394044	34	2866	3.53
1684480773.203489	40	2866	3.53
1684480773.879671	32	2866	3.53
1684480774.5422676	47	2866	3.53
1684480775.1902115	35	2866	3.53
1684480775.8243513	46	2866	3.53
1684480776.457814	43	2866	3.53
1684480777.089428	12	2866	3.53
1684480777.7215803	39	2866	3.53
1684480778.3735828	48	2866	3.53
1684480779.0067673	32	2866	3.53
1684480779.6396415	42	2866	3.53
1684480780.2754145	36	2866	3.53
1684480780.9093022	34	2866	3.53
1684480781.5429707	32	2866	3.53
1684480782.1769805	50	2866	3.53
1684480782.8098094	33	2866	3.53
1684480783.4413729	42	2866	3.53
1684480784.0718503	35	2866	3.53
1684480784.7274652	35	2866	3.53
1684480785.3601058	34	2866	3.53
1684480785.9933193	46	2866	3.53
1684480786.6269274	34	2866	3.53
1684480787.2840817	42	2866	3.53
1684480787.9329643	35	2866	3.53
1684480788.5670588	32	2866	3.53
1684480789.2192903	38	2866	3.53
1684480789.8708901	46	2866	3.53
1684480790.54366	34	2866	3.53
1684480791.206429	90	2866	3.53
1684480791.8418667	49	2866	3.53
1684480792.4767962	34	2866	3.53
1684480793.134417	39	2866	3.53
1684480793.770126	38	2866	3.53
1684480794.423213	35	2866	3.53
1684480795.0591047	29	2866	3.53
1684480795.6916661	46	2866	3.53
1684480796.323489	34	2866	3.53
1684480796.9577644	35	2866	3.53
1684480797.5922096	43	2866	3.53
1684480798.234085	34	2866	3.53
1684480798.8702922	35	2866	3.53
1684480799.5033247	49	2866	3.53
1684480800.1566186	33	2866	3.53
1684480800.791268	33	2866	3.53
1684480801.428874	48	2866	3.53
1684480802.0864513	33	2866	3.53
1684480802.7179127	33	2866	3.53
1684480803.3682387	29	2866	3.53
1684480804.0027082	49	2866	3.53
1684480804.6393497	34	2866	3.53
1684480805.2759967	50	2866	3.53
1684480805.9099367	29	2866	3.53
1684480806.5391695	34	2866	3.53
1684480807.1691048	42	2866	3.53
1684480807.8044338	36	2866	3.53
1684480808.434457	29	2866	3.53
1684480809.06566	51	2866	3.53
1684480809.70194	34	2866	3.53
1684480810.3405764	50	2866	3.53
1684480810.9727209	35	2866	3.53
1684480811.6036878	43	2866	3.53
1684480812.2357063	35	2866	3.53
1684480812.8681831	51	2866	3.53
1684480813.4964616	33	2866	3.53
1684480814.1283767	48	2866	3.53
1684480814.7620127	36	2866	3.53
1684480815.390617	32	2866	3.53
1684480816.0250964	34	2866	3.53
1684480816.6562235	49	2866	3.53
1684480817.283618	35	2866	3.53
1684480817.917573	43	2866	3.53
1684480818.5604744	39	2866	3.53
1684480819.1909707	38	2866	3.53
1684480819.823095	38	2866	3.53
1684480820.451911	48	2866	3.53
1684480821.1049206	33	2866	3.53
1684480821.7364657	51	2866	3.53
1684480822.368362	35	2866	3.53
1684480823.0022204	36	2866	3.53
1684480823.6359375	51	2866	3.53
1684480824.2912657	42	2866	3.53
1684480824.9434824	30	2866	3.53
1684480825.597405	81	2866	3.53
1684480826.2500792	88	2866	3.53
1684480826.880724	41	2866	3.53
1684480827.5080674	33	2866	3.53
1684480828.1359687	50	2866	3.53
1684480828.7671015	35	2866	3.53
1684480829.3980742	49	2866	3.53
1684480830.0320725	34	2866	3.53
1684480830.665859	49	2866	3.53
1684480831.3015234	29	2866	3.53
1684480831.9355938	39	2866	3.53
1684480832.5694036	40	2866	3.53
1684480833.1998074	43	2866	3.53
1684480833.8318274	33	2866	3.53
1684480834.4650607	50	2866	3.53
1684480835.1199434	32	2866	3.53
1684480835.7531502	34	2866	3.53
1684480836.4027097	35	2866	3.53
1684480837.0308683	51	2866	3.53
1684480837.6662927	34	2866	3.53
1684480838.3064811	47	2866	3.53
1684480838.9417524	34	2866	3.53
1684480839.5729036	35	2866	3.53
1684480840.2054548	39	2866	3.53
1684480840.8378825	49	2866	3.53
1684480841.4677927	33	2866	3.53
1684480842.0981936	47	2866	3.53
1684480842.7304013	34	2866	3.53
1684480843.363676	49	2866	3.53
1684480844.0087101	48	2866	3.53
1684480844.6436121	45	2866	3.53
1684480845.2754345	33	2866	3.53
1684480845.901206	50	2866	3.53
1684480846.5325766	33	2866	3.53
1684480847.1705327	49	2866	3.53
1684480847.8025897	35	2866	3.53
1684480848.4349785	51	2866	3.53
1684480849.0680606	48	2866	3.53
1684480849.7001715	42	2866	3.53
1684480850.3343549	37	2866	3.53
1684480850.9716985	44	2866	3.53
1684480851.6060128	34	2866	3.53
1684480852.2416146	49	2866	3.53
1684480852.8753173	49	2866	3.53
1684480853.5088446	34	2866	3.53
1684480854.1390083	50	2866	3.53
1684480854.772387	41	2866	3.53
1684480855.4107566	37	2866	3.53
1684480856.0433862	44	2866	3.53
1684480856.6751943	35	2866	3.53
1684480857.3260462	34	2866	3.53
1684480857.9567664	44	2866	3.53
1684480858.5929432	28	2866	3.53
1684480859.2252958	51	2866	3.53
1684480859.8585906	35	2866	3.53
1684480860.5064843	92	2866	3.53
1684480861.1415808	34	2866	3.53
1684480861.770253	49	2866	3.53
1684480862.4243448	34	2866	3.53
1684480863.0593462	47	2866	3.53
1684480863.6900165	49	2866	3.53
1684480864.3245747	34	2866	3.53
1684480864.9592428	46	2866	3.53
1684480865.613934	43	2866	3.53
1684480866.2470484	47	2866	3.53
1684480866.8889327	35	2866	3.53
1684480867.5657213	50	2866	3.53
1684480868.2308888	49	2866	3.53
1684480868.8674843	46	2866	3.53
1684480869.5043147	36	2866	3.53
1684480870.1505418	49	2866	3.53
1684480870.784802	34	2866	3.53
1684480871.41619	40	2866	3.53
1684480872.0679564	50	2866	3.53
1684480872.6969502	48	2866	3.53
1684480873.3337765	41	2866	3.53
1684480873.9659038	51	2866	3.53
1684480874.620115	34	2866	3.53
1684480875.2511427	37	2866	3.53
1684480875.8816493	49	2866	3.53
1684480876.5346434	49	2866	3.53
1684480877.1677072	33	2866	3.53
1684480877.821667	49	2866	3.53
1684480878.4562902	31	2866	3.53
1684480879.0881722	38	2866	3.53
1684480879.7201648	49	2866	3.53
1684480880.3504949	51	2866	3.53
1684480881.0101829	41	2866	3.53
1684480881.643912	49	2866	3.53
1684480882.2774155	34	2866	3.53
1684480882.906593	35	2866	3.53
1684480883.5535374	49	2866	3.53
1684480884.1828802	41	2866	3.53
1684480884.8411655	50	2866	3.53
1684480885.475733	50	2866	3.53
1684480886.1149569	46	2866	3.53
1684480886.7465684	33	2866	3.53
1684480887.3970644	45	2866	3.53
1684480888.048994	35	2866	3.53
1684480888.6872528	48	2866	3.53
1684480889.3420618	49	2866	3.53
1684480889.9766154	49	2866	3.53
1684480890.6292977	27	2866	3.53
1684480891.2606025	48	2866	3.53
1684480891.913391	46	2866	3.53
1684480892.5474548	49	2866	3.53
1684480893.1830108	49	2866	3.53
1684480893.8130624	45	2866	3.53
1684480894.4448302	41	2866	3.53
1684480895.0972521	59	2866	3.53
1684480895.7379448	90	2866	3.53
1684480896.3722887	35	2866	3.53
1684480897.0211184	43	2866	3.53
1684480897.6537457	49	2866	3.53
1684480898.2852929	33	2866	3.53
1684480898.920024	50	2866	3.53
1684480899.5560312	34	2866	3.53
1684480900.186634	38	2866	3.53
1684480900.8219411	42	2866	3.53
1684480901.453222	35	2866	3.53
1684480902.0903404	35	2866	3.53
1684480902.7233267	49	2866	3.53
1684480903.3541284	34	2866	3.53
1684480903.986816	50	2866	3.53
1684480904.624822	33	2866	3.53
1684480905.2788525	34	2866	3.53
1684480905.930108	36	2866	3.53
1684480906.5582573	49	2866	3.53
1684480907.1864834	35	2866	3.53
1684480907.8381913	45	2866	3.53
1684480908.4742353	35	2866	3.53
1684480909.1240492	49	2866	3.53
1684480909.7553694	41	2866	3.53
1684480910.3877757	49	2866	3.53
1684480911.0180912	35	2866	3.53
1684480911.66882	49	2866	3.53
1684480912.3049464	35	2866	3.53
1684480912.9339993	49	2866	3.53
1684480913.5624785	49	2866	3.53
1684480914.1929564	47	2866	3.53
1684480914.825	36	2866	3.53
1684480915.4815276	50	2866	3.53
1684480916.1142137	28	2866	3.53
1684480916.7485716	41	2866	3.53
1684480917.380585	48	2866	3.53
1684480918.0120258	49	2866	3.53
1684480918.6499536	33	2866	3.53
1684480919.3011248	51	2866	3.53
1684480919.9346418	33	2866	3.53
1684480920.5682511	42	2866	3.53
1684480921.1984413	48	2866	3.53
1684480921.8518035	50	2866	3.53
1684480922.4826684	28	2866	3.53
1684480923.1135924	49	2866	3.53
1684480923.7491758	34	2866	3.53
1684480924.38648	34	2866	3.53
1684480925.0257661	44	2866	3.53
1684480925.6592062	49	2866	3.53
1684480926.2915633	35	2866	3.53
1684480926.9389918	49	2866	3.53
1684480927.5731874	33	2866	3.53
1684480928.2098365	48	2866	3.53
1684480928.859378	35	2866	3.53
1684480929.4949377	47	2866	3.53
1684480930.14567	92	2866	3.53
1684480930.7980754	48	2866	3.53
1684480931.4383934	28	2866	3.53
1684480932.0760665	49	2866	3.53
1684480932.707005	49	2866	3.53
1684480933.335756	35	2866	3.53
1684480933.9679728	36	2866	3.53
1684480934.602637	41	2866	3.53
1684480935.2815502	34	2866	3.53
1684480935.921882	31	2866	3.53
1684480936.5546162	48	2866	3.53
1684480937.1879241	35	2866	3.53
1684480937.8229215	39	2866	3.53
1684480938.4573472	39	2866	3.53
1684480939.0973022	29	2866	3.53
1684480939.735028	49	2866	3.53
1684480940.384825	49	2866	3.53
1684480941.0170627	29	2866	3.53
1684480941.6522284	32	2866	3.53
1684480942.2883341	43	2866	3.53
1684480942.9227264	35	2866	3.53
1684480943.5552027	46	2866	3.53
1684480944.1845279	43	2866	3.53
1684480944.8148806	34	2866	3.53
1684480945.4478426	39	2866	3.53
1684480946.0877411	35	2866	3.53
1684480946.7251456	35	2866	3.53
1684480947.353744	49	2866	3.53
1684480948.0082164	32	2866	3.53
1684480948.640813	28	2866	3.53
1684480949.274587	32	2866	3.53
1684480949.905895	49	2866	3.53
1684480950.5579913	35	2866	3.53
1684480951.1983933	49	2866	3.53
1684480951.8369238	35	2866	3.53
1684480952.4682283	35	2866	3.53
1684480953.0982351	42	2866	3.53
1684480953.7302144	36	2866	3.53
1684480954.3681116	32	2866	3.53
1684480955.0046072	47	2866	3.53
1684480955.638759	35	2866	3.53
1684480956.270346	42	2866	3.53
1684480956.9081101	32	2866	3.53
1684480957.53661	48	2866	3.53
1684480958.1678917	35	2866	3.53
1684480958.799734	35	2866	3.53
1684480959.43752	51	2866	3.53
1684480960.0777712	33	2866	3.53
1684480960.706807	35	2866	3.53
1684480961.3358474	49	2866	3.53
1684480961.9662607	35	2866	3.53
1684480962.6014354	38	2866	3.53
1684480963.3026597	47	2866	3.53
1684480963.9322624	42	2866	3.53
1684480964.630499	35	2866	3.53
1684480965.2727425	89	2866	3.53
1684480965.9146469	32	2866	3.53
1684480966.5696332	46	2866	3.53
1684480967.2312717	34	2866	3.53
1684480967.8633344	49	2866	3.53
1684480968.5449295	30	2866	3.53
1684480969.1804535	29	2866	3.53
1684480969.833196	32	2866	3.53
1684480970.487554	51	2866	3.53
1684480971.1789396	28	2866	3.53
1684480971.8343067	32	2866	3.53
1684480972.4864464	35	2866	3.53
1684480973.130032	46	2866	3.53
1684480973.784757	33	2866	3.53
1684480974.4314048	31	2866	3.53
1684480975.063304	42	2866	3.53
1684480975.6905315	43	2866	3.53
1684480976.3207355	34	2866	3.53
1684480976.9704058	48	2866	3.53
1684480977.6069672	40	2866	3.53
1684480978.2429855	49	2866	3.53
1684480978.8722432	33	2866	3.53
1684480979.5041466	50	2866	3.53
1684480980.1346714	34	2866	3.53
1684480980.7639258	46	2866	3.53
1684480981.3956814	35	2866	3.53
1684480982.0426784	49	2866	3.53
1684480982.6906767	35	2866	3.53
1684480983.3314457	49	2866	3.53
1684480983.9693987	35	2866	3.53
1684480984.6097999	46	2866	3.53
1684480985.2432911	33	2866	3.53
1684480985.876967	50	2866	3.53
1684480986.5098798	35	2866	3.53
1684480987.1608999	49	2866	3.53
1684480987.7933667	31	2866	3.53
1684480988.426199	47	2866	3.53
1684480989.0587611	43	2866	3.53
1684480989.6917462	49	2866	3.53
1684480990.3425956	31	2866	3.53
1684480990.972881	50	2866	3.53
1684480991.6042016	36	2866	3.53
1684480992.2357044	49	2866	3.53
1684480992.8684113	49	2866	3.53
1684480993.500046	34	2866	3.53
1684480994.1324549	49	2866	3.53
1684480994.7634494	32	2866	3.53
1684480995.3946486	42	2866	3.53
1684480996.0293036	41	2866	3.53
1684480996.6814272	45	2866	3.53
1684480997.3254771	31	2866	3.53
1684480997.9574244	42	2866	3.53
1684480998.589848	33	2866	3.53
1684480999.242153	50	2866	3.53
1684480999.897825	36	2866	3.53
1684481000.5594897	90	2866	3.53
1684481001.1946058	29	2866	3.53
1684481001.8286543	48	2866	3.53
1684481002.4599624	42	2866	3.53
1684481003.1067913	35	2866	3.53
1684481003.760156	35	2866	3.53
1684481004.4122446	42	2866	3.53
1684481005.0650704	45	2866	3.53
1684481005.6989129	32	2866	3.53
1684481006.3496883	45	2866	3.53
1684481006.9972725	34	2866	3.53
1684481007.638351	34	2866	3.53
1684481008.2718472	46	2866	3.53
1684481008.9037974	49	2866	3.53
1684481009.553094	34	2866	3.53
1684481010.1970096	49	2866	3.53
1684481010.8356845	35	2866	3.53
1684481011.4722304	49	2866	3.53
1684481012.105668	34	2866	3.53
1684481012.7352407	48	2866	3.53
1684481013.3867311	40	2866	3.53
1684481014.018032	49	2866	3.53
1684481014.6513438	33	2866	3.53
1684481015.2872477	49	2866	3.53
1684481015.9219966	34	2866	3.53
1684481016.5534842	42	2866	3.53
1684481017.18619	49	2866	3.53
1684481017.8145304	49	2866	3.53
1684481018.4491756	35	2866	3.53
1684481019.0842597	47	2866	3.53
1684481019.7204108	32	2866	3.53
1684481020.3553407	38	2866	3.53
1684481020.9885187	44	2866	3.53
1684481021.640372	50	2866	3.53
1684481022.2742186	39	2866	3.53
1684481022.9109929	48	2866	3.53
1684481023.5462563	32	2866	3.53
1684481024.1781049	41	2866	3.53
1684481024.8106718	38	2866	3.53
1684481025.4533875	43	2866	3.53
1684481026.088931	35	2866	3.53
1684481026.7597444	49	2866	3.53
1684481027.4042032	34	2866	3.53
1684481028.0363166	39	2866	3.53
1684481028.6670935	50	2866	3.53
1684481029.297222	49	2866	3.53
1684481029.9287295	48	2866	3.53
1684481030.5602207	49	2866	3.53
1684481031.1936715	35	2866	3.53
1684481031.8270602	51	2866	3.53
1684481032.4612494	32	2866	3.53
1684481033.1014462	42	2866	3.53
1684481033.7310333	49	2866	3.53
1684481034.3777142	43	2866	3.53
1684481035.0570035	92	2866	3.53
1684481035.691947	43	2866	3.53
1684481036.3411024	48	2866	3.53
1684481036.9761477	33	2866	3.53
1684481037.616704	41	2866	3.53
1684481038.2489347	35	2866	3.53
1684481038.8841465	35	2866	3.53
1684481039.5183566	49	2866	3.53
1684481040.1478148	51	2866	3.53
1684481040.7985477	35	2866	3.53
1684481041.4502127	49	2866	3.53
1684481042.0834777	34	2866	3.53
1684481042.7165203	50	2866	3.53
1684481043.3696501	49	2866	3.53
1684481043.998886	48	2866	3.53
1684481044.640447	35	2866	3.53
1684481045.279925	39	2866	3.53
1684481045.9126616	41	2866	3.53
1684481046.5462544	35	2866	3.53
1684481047.1782248	41	2866	3.53
1684481047.8275287	32	2866	3.53
1684481048.4649065	43	2866	3.53
1684481049.1206617	31	2866	3.53
1684481049.767622	47	2866	3.53
1684481050.4071743	43	2866	3.53
1684481051.0375519	42	2866	3.53
1684481051.6686711	29	2866	3.53
1684481052.298778	46	2866	3.53
1684481052.9322312	39	2866	3.53
1684481053.5632741	34	2866	3.53
1684481054.1953895	48	2866	3.53
1684481054.8318782	37	2866	3.53
1684481055.4601185	48	2866	3.53
1684481056.0913858	35	2866	3.53
1684481056.7302718	44	2866	3.53
1684481057.3695328	34	2866	3.53
1684481058.0010853	49	2866	3.53
1684481058.6618018	49	2866	3.53
1684481059.2996027	50	2866	3.53
1684481059.932355	33	2866	3.53
1684481060.5867236	50	2866	3.53
1684481061.224756	34	2866	3.53
1684481061.8606534	50	2866	3.53
1684481062.5020022	21	2866	3.53
1684481063.1491141	47	2866	3.53
1684481063.8227723	35	2866	3.53
1684481064.4624946	50	2866	3.53
1684481065.0964162	43	2866	3.53
1684481065.727804	43	2866	3.53
1684481066.3842545	33	2866	3.53
1684481067.041481	46	2866	3.53
1684481067.7106936	29	2866	3.53
1684481068.3492222	50	2866	3.53
1684481069.0070043	35	2866	3.53
1684481069.6777542	51	2866	3.53
1684481070.3292692	93	2866	3.53
1684481070.9684386	44	2866	3.53
1684481071.6068273	48	2866	3.53
1684481072.2406063	36	2866	3.53
1684481072.87685	49	2866	3.53
1684481073.5080898	46	2866	3.53
1684481074.161963	46	2866	3.53
1684481074.7994676	50	2866	3.53
1684481075.4337451	49	2866	3.53
1684481076.0672867	29	2866	3.53
1684481076.7016401	49	2866	3.53
1684481077.3412192	36	2866	3.53
1684481077.9730031	47	2866	3.53
1684481078.6086662	49	2866	3.53
1684481079.2604206	49	2866	3.53
1684481079.893734	30	2866	3.53
1684481080.5271165	48	2866	3.53
1684481081.1637146	49	2866	3.53
1684481081.8183093	43	2866	3.53
1684481082.4555497	48	2866	3.53
1684481083.092472	50	2866	3.53
1684481083.7296488	36	2866	3.53
1684481084.3631105	49	2866	3.53
1684481085.0023773	43	2866	3.53
1684481085.6448011	44	2866	3.53
1684481086.2953205	49	2866	3.53
1684481086.9255314	49	2866	3.53
1684481087.5582206	35	2866	3.53
1684481088.1899042	49	2866	3.53
1684481088.821294	35	2866	3.53
1684481089.4538882	49	2866	3.53
1684481090.08645	46	2866	3.53
1684481090.7213721	37	2866	3.53
1684481091.3521435	35	2866	3.53
1684481091.9815907	51	2866	3.53
1684481092.63341	43	2866	3.53
1684481093.2863657	50	2866	3.53
1684481093.9202461	49	2866	3.53
1684481094.5564024	42	2866	3.53
1684481095.2106187	32	2866	3.53
1684481095.841872	47	2866	3.53
1684481096.476391	35	2866	3.53
1684481097.1158092	49	2866	3.53
1684481097.7492564	48	2866	3.53
1684481098.4018748	48	2866	3.53
1684481099.0534956	34	2866	3.53
1684481099.6951585	48	2866	3.53
1684481100.3388567	31	2866	3.53
1684481100.9940562	49	2866	3.53
1684481101.6281242	39	2866	3.53
1684481102.2584972	41	2866	3.53
1684481102.8987138	34	2866	3.53
1684481103.537934	49	2866	3.53
1684481104.1723294	41	2866	3.53
1684481104.8181632	61	2866	3.53
1684481105.452967	71	2866	3.53
1684481106.0871017	48	2866	3.53
1684481106.722239	28	2866	3.53
1684481107.3548098	51	2866	3.53
1684481108.0081377	34	2866	3.53
1684481108.6415918	49	2866	3.53
1684481109.2792094	35	2866	3.53
1684481109.9112291	50	2866	3.53
1684481110.5428393	35	2866	3.53
1684481111.1719692	49	2866	3.53
1684481111.8078172	35	2866	3.53
1684481112.4429214	48	2866	3.53
1684481113.0972524	35	2866	3.53
1684481113.7259076	49	2866	3.53
1684481114.356615	41	2866	3.53
1684481114.9846797	50	2866	3.53
1684481115.6176622	34	2866	3.53
1684481116.2499268	49	2866	3.53
1684481116.8895013	32	2866	3.53
1684481117.542089	49	2866	3.53
1684481118.1964686	34	2866	3.53
1684481118.8261464	49	2866	3.53
1684481119.459789	32	2866	3.53
1684481120.1095266	43	2866	3.53
1684481120.7434506	35	2866	3.53
1684481121.3738112	49	2866	3.53
1684481122.027163	42	2866	3.53
1684481122.6809065	50	2866	3.53
1684481123.3321466	33	2866	3.53
1684481123.977291	48	2866	3.53
1684481124.6115744	48	2866	3.53
1684481125.2439234	47	2866	3.53
1684481125.8744202	42	2866	3.53
1684481126.505952	49	2866	3.53
1684481127.1605651	32	2866	3.53
1684481127.7951097	49	2866	3.53
1684481128.4281209	49	2866	3.53
1684481129.057038	33	2866	3.53
1684481129.7093327	49	2866	3.53
1684481130.3440917	48	2866	3.53
1684481130.9787567	49	2866	3.53
1684481131.6113365	51	2866	3.53
1684481132.2444954	42	2866	3.53
1684481132.875759	31	2866	3.53
1684481133.512266	49	2866	3.53
1684481134.1425502	40	2866	3.53
1684481134.7817276	49	2866	3.53
1684481135.4183276	50	2866	3.53
1684481136.050369	34	2866	3.53
1684481136.6809711	49	2866	3.53
1684481137.314188	48	2866	3.53
1684481137.9478846	50	2866	3.53
1684481138.5761967	35	2866	3.53
1684481139.2143183	47	2866	3.53
1684481139.8595512	93	2866	3.53
1684481140.4973319	59	2866	3.53
1684481141.1367316	39	2866	3.53
1684481141.79009	35	2866	3.53
1684481142.4208517	33	2866	3.53
1684481143.0611322	50	2866	3.53
1684481143.7164226	34	2866	3.53
1684481144.3430915	49	2866	3.53
1684481144.9779763	42	2866	3.53
1684481145.609927	39	2866	3.53
1684481146.2475	33	2866	3.53
1684481146.8832104	46	2866	3.53
1684481147.5159895	30	2866	3.53
1684481148.1489465	42	2866	3.53
1684481148.7810023	48	2866	3.53
1684481149.411541	50	2866	3.53
1684481150.0440485	34	2866	3.53
1684481150.6740685	27	2866	3.53
1684481151.304165	49	2866	3.53
1684481151.94265	41	2866	3.53
1684481152.5772252	45	2866	3.53
1684481153.2141535	50	2866	3.53
1684481153.8578343	48	2866	3.53
1684481154.4916337	37	2866	3.53
1684481155.124774	50	2866	3.53
1684481155.76273	49	2866	3.53
1684481156.4107692	42	2866	3.53
1684481157.0444238	43	2866	3.53
1684481157.6789715	49	2866	3.53
1684481158.3097367	42	2866	3.53
1684481158.961905	49	2866	3.53
1684481159.5976167	49	2866	3.53
1684481160.2378871	29	2866	3.53
1684481160.8901072	37	2866	3.53
1684481161.55759	48	2866	3.53
1684481162.1908534	48	2866	3.53
1684481162.8633575	29	2866	3.53
1684481163.498057	48	2866	3.53
1684481164.1310976	49	2866	3.53
1684481164.7902122	48	2866	3.53
1684481165.4215133	38	2866	3.53
1684481166.0538251	48	2866	3.53
1684481166.7230077	34	2866	3.53
1684481167.3558667	35	2866	3.53
1684481167.98562	49	2866	3.53
1684481168.6647015	37	2866	3.53
1684481169.3006148	35	2866	3.53
1684481169.9364886	48	2866	3.53
1684481170.5911455	47	2866	3.53
1684481171.2395067	49	2866	3.53
1684481171.8731637	41	2866	3.53
1684481172.504339	48	2866	3.53
1684481173.1366742	35	2866	3.53
1684481173.7774327	50	2866	3.53
1684481174.4083257	50	2866	3.53
1684481175.0547256	90	2866	3.53
1684481175.714067	69	2866	3.53
1684481176.3495562	42	2866	3.53
1684481176.9818988	33	2866	3.53
1684481177.6160967	48	2866	3.53
1684481178.2513118	49	2866	3.53
1684481178.8827646	34	2866	3.53
1684481179.5133786	42	2866	3.53
1684481180.1478407	35	2866	3.53
1684481180.7809935	32	2866	3.53
1684481181.4150677	51	2866	3.53
1684481182.0675979	49	2866	3.53
1684481182.7011125	34	2866	3.53
1684481183.3334882	44	2866	3.53
1684481183.9682643	34	2866	3.53
1684481184.6020918	28	2866	3.53
1684481185.234478	49	2866	3.53
1684481185.8744292	40	2866	3.53
1684481186.5085447	35	2866	3.53
1684481187.1442153	34	2866	3.53
1684481187.7770708	44	2866	3.53
1684481188.4230244	35	2866	3.53
1684481189.0731578	50	2866	3.53
1684481189.7040286	34	2866	3.53
1684481190.3344069	32	2866	3.53
1684481190.969355	27	2866	3.53
1684481191.5988932	50	2866	3.53
1684481192.2312865	34	2866	3.53
1684481192.8716583	49	2866	3.53
1684481193.5058525	35	2866	3.53
1684481194.135967	42	2866	3.53
1684481194.7683783	41	2866	3.53
1684481195.398519	36	2866	3.53
1684481196.0310497	35	2866	3.53
1684481196.680665	46	2866	3.53
1684481197.315165	35	2866	3.53
1684481197.9534154	50	2866	3.53
1684481198.5849535	48	2866	3.53
1684481199.2140849	34	2866	3.53
1684481199.8453393	38	2866	3.53
1684481200.4771729	44	2866	3.53
1684481201.1149743	33	2866	3.53
1684481201.7458906	49	2866	3.53
1684481202.379459	36	2866	3.53
1684481203.012042	34	2866	3.53
1684481203.645119	35	2866	3.53
1684481204.2761545	42	2866	3.53
1684481204.9042659	35	2866	3.53
1684481205.5384045	48	2866	3.53
1684481206.1856368	34	2866	3.53
1684481206.820278	42	2866	3.53
1684481207.4544845	35	2866	3.53
1684481208.0898442	43	2866	3.53
1684481208.7526653	35	2866	3.53
1684481209.3877933	47	2866	3.53
1684481210.0376878	89	2866	3.53
1684481210.6751153	29	2866	3.53
1684481211.3078754	41	2866	3.53
1684481211.9392653	51	2866	3.53
1684481212.5761483	34	2866	3.53
1684481213.2088714	50	2866	3.53
1684481213.8397067	33	2866	3.53
1684481214.474656	44	2866	3.53
1684481215.127187	35	2866	3.53
1684481215.765962	49	2866	3.53
1684481216.4008152	35	2866	3.53
1684481217.0343578	49	2866	3.53
1684481217.6691866	29	2866	3.53
1684481218.3008249	48	2866	3.53
1684481218.9365475	36	2866	3.53
1684481219.578255	41	2866	3.53
1684481220.2095745	35	2866	3.53
1684481220.8421845	50	2866	3.53
1684481221.4832482	30	2866	3.53
1684481222.114328	50	2866	3.53
1684481222.745856	35	2866	3.53
1684481223.377616	35	2866	3.53
1684481224.0055175	48	2866	3.53
1684481224.6309938	42	2866	3.53
1684481225.262794	35	2866	3.53
1684481225.894364	50	2866	3.53
1684481226.5290093	34	2866	3.53
1684481227.1631386	50	2866	3.53
1684481227.7974296	33	2866	3.53
1684481228.42952	33	2866	3.53
1684481229.0568907	48	2866	3.53
1684481229.6888366	43	2866	3.53
1684481230.3145924	34	2866	3.53
1684481230.9458294	45	2866	3.53
1684481231.5806508	34	2866	3.53
1684481232.213122	44	2866	3.53
1684481232.8467753	44	2866	3.53
1684481233.4787714	38	2866	3.53
1684481234.1076124	35	2866	3.53
1684481234.7375567	51	2866	3.53
1684481235.3723097	30	2866	3.53
1684481236.006304	49	2866	3.53
1684481236.6391962	35	2866	3.53
1684481237.2735531	51	2866	3.53
1684481237.9060214	49	2866	3.53
1684481238.5377588	35	2866	3.53
1684481239.168511	45	2866	3.53
1684481239.79993	48	2866	3.53
1684481240.434984	34	2866	3.53
1684481241.069264	49	2866	3.53
1684481241.704518	34	2866	3.53
1684481242.361325	35	2866	3.53
1684481242.993106	42	2866	3.53
1684481243.6290133	43	2866	3.53
1684481244.270672	40	2866	3.53
1684481244.9179769	38	2866	3.53
1684481245.5724328	49	2866	3.53
1684481246.2073646	50	2866	3.53
1684481246.8389518	35	2866	3.53
1684481247.495284	48	2866	3.53
1684481248.1296449	30	2866	3.53
1684481248.7816882	48	2866	3.53
1684481249.4367468	47	2866	3.53
1684481250.0671556	48	2866	3.53
1684481250.6997707	29	2866	3.53
1684481251.3475068	35	2866	3.53
1684481251.98099	42	2866	3.53
1684481252.6134243	49	2866	3.53
1684481253.2513838	35	2866	3.53
1684481253.884622	49	2866	3.53
1684481254.5385242	32	2866	3.53
1684481255.1771443	42	2866	3.53
1684481255.8150878	33	2866	3.53
1684481256.4498603	49	2866	3.53
1684481257.0886266	35	2866	3.53
1684481257.720225	49	2866	3.53
1684481258.3555975	34	2866	3.53
1684481258.9899642	49	2866	3.53
1684481259.6447387	35	2866	3.53
1684481260.3378325	49	2866	3.53
1684481261.0042932	48	2866	3.53
1684481261.6398299	49	2866	3.53
1684481262.2824829	49	2866	3.53
1684481262.9220846	34	2866	3.53
1684481263.5568585	49	2866	3.53
1684481264.2363737	42	2866	3.53
1684481264.8798823	49	2866	3.53
1684481265.5345511	34	2866	3.53
1684481266.2066925	49	2866	3.53
1684481266.8725696	33	2866	3.53
1684481267.5088809	50	2866	3.53
1684481268.15916	48	2866	3.53
1684481268.8105881	42	2866	3.53
1684481269.44694	34	2866	3.53
1684481270.0806968	48	2866	3.53
1684481270.7142172	32	2866	3.53
1684481271.3607967	41	2866	3.53
1684481272.011178	35	2866	3.53
1684481272.6592872	48	2866	3.53
1684481273.3150635	35	2866	3.53
1684481273.9652014	35	2866	3.53
1684481274.5979958	49	2866	3.53
1684481275.2338772	34	2866	3.53
1684481275.8628151	48	2866	3.53
1684481276.5001647	48	2866	3.53
1684481277.1346076	32	2866	3.53
1684481277.7728424	50	2866	3.53
1684481278.4028625	49	2866	3.53
1684481279.0367455	33	2866	3.53
1684481279.6883667	89	2866	3.53
1684481280.3236468	41	2866	3.53
1684481280.9573877	48	2866	3.53
1684481281.6072729	50	2866	3.53
1684481282.2373793	49	2866	3.53
1684481282.8674011	34	2866	3.53
1684481283.5013165	49	2866	3.53
1684481284.1413734	35	2866	3.53
1684481284.7778811	45	2866	3.53
1684481285.4120967	49	2866	3.53
1684481286.0470967	40	2866	3.53
1684481286.7011056	34	2866	3.53
1684481287.333574	50	2866	3.53
1684481287.9666724	34	2866	3.53
1684481288.6016505	45	2866	3.53
1684481289.2353547	48	2866	3.53
1684481289.8707175	35	2866	3.53
1684481290.5038557	34	2866	3.53
1684481291.133069	49	2866	3.53
1684481291.7771978	36	2866	3.53
1684481292.4108443	41	2866	3.53
1684481293.0478842	51	2866	3.53
1684481293.6853337	34	2866	3.53
1684481294.3157597	35	2866	3.53
1684481294.945298	48	2866	3.53
1684481295.5788696	49	2866	3.53
1684481296.2142327	49	2866	3.53
1684481296.8482368	49	2866	3.53
1684481297.4789817	35	2866	3.53
1684481298.1344268	47	2866	3.53
1684481298.7682204	49	2866	3.53
1684481299.4308674	50	2866	3.53
1684481300.082011	49	2866	3.53
1684481300.7376525	51	2866	3.53
1684481301.3787124	50	2866	3.53
1684481302.0123096	34	2866	3.53
1684481302.6642015	49	2866	3.53
1684481303.3048005	35	2866	3.53
1684481303.9360025	49	2866	3.53
1684481304.5676641	48	2866	3.53
1684481305.1979952	50	2866	3.53
1684481305.8276813	30	2866	3.53
1684481306.4573648	50	2866	3.53
1684481307.0901604	35	2866	3.53
1684481307.7363997	49	2866	3.53
1684481308.3718953	48	2866	3.53
1684481309.005541	36	2866	3.53
1684481309.6420925	35	2866	3.53
1684481310.2745066	50	2866	3.53
1684481310.9064736	34	2866	3.53
1684481311.535157	44	2866	3.53
1684481312.167893	49	2866	3.53
1684481312.8019276	42	2866	3.53
1684481313.431262	51	2866	3.53
1684481314.0779445	73	2866	3.53
1684481314.7187219	92	2866	3.53
1684481315.362005	42	2866	3.53
1684481315.9974976	35	2866	3.53
1684481316.629661	29	2866	3.53
1684481317.2596574	50	2866	3.53
1684481317.8939867	35	2866	3.53
1684481318.528386	34	2866	3.53
1684481319.1822004	48	2866	3.53
1684481319.821118	35	2866	3.53
1684481320.4576	33	2866	3.53
1684481321.1099696	49	2866	3.53
1684481321.742068	49	2866	3.53
1684481322.3939693	35	2866	3.53
1684481323.0257394	49	2866	3.53
1684481323.6798513	33	2866	3.53
1684481324.3143435	35	2866	3.53
1684481324.9588778	36	2866	3.53
1684481325.5926278	48	2866	3.53
1684481326.2401228	34	2866	3.53
1684481326.875277	46	2866	3.53
1684481327.5086498	41	2866	3.53
1684481328.142262	28	2866	3.53
1684481328.7787056	49	2866	3.53
1684481329.4103367	45	2866	3.53
1684481330.0616355	33	2866	3.53
1684481330.7014167	34	2866	3.53
1684481331.3422337	42	2866	3.53
1684481331.9790893	35	2866	3.53
1684481332.6345477	33	2866	3.53
1684481333.2739172	49	2866	3.53
1684481333.9296339	29	2866	3.53
1684481334.5771093	35	2866	3.53
1684481335.213129	41	2866	3.53
1684481335.8464031	48	2866	3.53
1684481336.490113	34	2866	3.53
1684481337.138484	49	2866	3.53
1684481337.7727928	34	2866	3.53
1684481338.4068604	41	2866	3.53
1684481339.0418544	42	2866	3.53
1684481339.6780424	49	2866	3.53
1684481340.309439	28	2866	3.53
1684481340.9461112	32	2866	3.53
1684481341.576868	49	2866	3.53
1684481342.212394	33	2866	3.53
1684481342.8464918	36	2866	3.53
1684481343.4861548	48	2866	3.53
1684481344.1177003	44	2866	3.53
1684481344.7564728	34	2866	3.53
1684481345.389863	48	2866	3.53
1684481346.026238	36	2866	3.53
1684481346.6568282	36	2866	3.53
1684481347.2897015	51	2866	3.53
1684481347.9224956	34	2866	3.53
1684481348.5772288	28	2866	3.53
1684481349.2414532	55	2866	3.53
1684481349.8853664	89	2866	3.53
1684481350.5145564	45	2866	3.53
1684481351.1473174	50	2866	3.53
1684481351.7844083	50	2866	3.53
1684481352.4188726	34	2866	3.53
1684481353.0516198	50	2866	3.53
1684481353.6827366	47	2866	3.53
1684481354.332201	33	2866	3.53
1684481354.9654994	43	2866	3.53
1684481355.5985582	49	2866	3.53
1684481356.2297776	47	2866	3.53
1684481356.8620348	36	2866	3.53
1684481357.4897318	50	2866	3.53
1684481358.125695	35	2866	3.53
1684481358.7571669	49	2866	3.53
1684481359.3893154	35	2866	3.53
1684481360.025179	49	2866	3.53
1684481360.6543016	49	2866	3.53
1684481361.2885878	49	2866	3.53
1684481361.9259021	34	2866	3.53
1684481362.5588944	50	2866	3.53
1684481363.1972244	29	2866	3.53
1684481363.8317068	42	2866	3.53
1684481364.4682782	49	2866	3.53
1684481365.1236253	49	2866	3.53
1684481365.7757363	32	2866	3.53
1684481366.4556677	49	2866	3.53
1684481367.089428	46	2866	3.53
1684481367.7195773	49	2866	3.53
1684481368.354201	42	2866	3.53
1684481368.9876966	47	2866	3.53
1684481369.6223083	34	2866	3.53
1684481370.2771876	49	2866	3.53
1684481370.908192	51	2866	3.53
1684481371.5612538	47	2866	3.53
1684481372.2118638	43	2866	3.53
1684481372.8439775	44	2866	3.53
1684481373.4853246	32	2866	3.53
1684481374.120967	49	2866	3.53
1684481374.7505896	44	2866	3.53
1684481375.3801777	49	2866	3.53
1684481376.0149288	32	2866	3.53
1684481376.6478374	49	2866	3.53
1684481377.304027	35	2866	3.53
1684481377.9405794	48	2866	3.53
1684481378.5835326	49	2866	3.53
1684481379.2126946	49	2866	3.53
1684481379.8606136	28	2866	3.53
1684481380.4957366	45	2866	3.53
1684481381.1315265	34	2866	3.53
1684481381.7657294	34	2866	3.53
1684481382.4157772	29	2866	3.53
1684481383.0658383	42	2866	3.53
1684481383.7029934	42	2866	3.53
1684481384.3692427	34	2866	3.53
1684481385.030708	93	2866	3.53
1684481385.664003	44	2866	3.53
1684481386.293921	39	2866	3.53
1684481386.9244711	30	2866	3.53
1684481387.5561728	49	2866	3.53
1684481388.1884668	35	2866	3.53
1684481388.8242648	43	2866	3.53
1684481389.457182	47	2866	3.53
1684481390.117736	43	2866	3.53
1684481390.7506115	35	2866	3.53
1684481391.3825157	50	2866	3.53
1684481392.0356946	30	2866	3.53
1684481392.6687179	50	2866	3.53
1684481393.300006	37	2866	3.53
1684481393.9299462	49	2866	3.53
1684481394.5617697	33	2866	3.53
1684481395.213603	50	2866	3.53
1684481395.8439667	33	2866	3.53
1684481396.480764	49	2866	3.53
1684481397.1343448	31	2866	3.53
1684481397.7873945	46	2866	3.53
1684481398.44664	28	2866	3.53
1684481399.0779376	50	2866	3.53
1684481399.7119462	41	2866	3.53
1684481400.340492	49	2866	3.53
1684481400.9727106	32	2866	3.53
1684481401.6047924	44	2866	3.53
1684481402.261127	36	2866	3.53
1684481402.8964283	49	2866	3.53
1684481403.543671	50	2866	3.53
1684481404.1742604	49	2866	3.53
1684481404.8216338	29	2866	3.53
1684481405.4591334	49	2866	3.53
1684481406.0939302	35	2866	3.53
1684481406.7485368	49	2866	3.53
1684481407.3842947	47	2866	3.53
1684481408.0138614	50	2866	3.53
1684481408.643364	35	2866	3.53
1684481409.2763698	49	2866	3.53
1684481409.9125853	35	2866	3.53
1684481410.5485232	49	2866	3.53
1684481411.1875927	45	2866	3.53
1684481411.8226922	48	2866	3.53
1684481412.4541206	33	2866	3.53
1684481413.083327	50	2866	3.53
1684481413.716115	33	2866	3.53
1684481414.3509367	50	2866	3.53
1684481414.9864213	42	2866	3.53
1684481415.6201322	49	2866	3.53
1684481416.2534373	48	2866	3.53
1684481416.8844733	50	2866	3.53
1684481417.5176377	35	2866	3.53
1684481418.1478589	45	2866	3.53
1684481418.7826962	42	2866	3.53
1684481419.429422	53	2866	3.53
1684481420.0752664	92	2866	3.53
1684481420.7054684	50	2866	3.53
1684481421.3341694	33	2866	3.53
1684481421.9621034	51	2866	3.53
1684481422.5970829	31	2866	3.53
1684481423.2346294	42	2866	3.53
1684481423.8692417	38	2866	3.53
1684481424.50763	30	2866	3.53
1684481425.1377275	35	2866	3.53
1684481425.7660697	49	2866	3.53
1684481426.3979292	34	2866	3.53
1684481427.0276282	36	2866	3.53
1684481427.663933	44	2866	3.53
1684481428.2980862	32	2866	3.53
1684481428.9306574	42	2866	3.53
1684481429.5621932	48	2866	3.53
1684481430.192204	48	2866	3.53
1684481430.8234448	34	2866	3.53
1684481431.466931	50	2866	3.53
1684481432.1189415	41	2866	3.53
1684481432.7554882	35	2866	3.53
1684481433.408811	33	2866	3.53
1684481434.0421495	50	2866	3.53
1684481434.6872168	33	2866	3.53
1684481435.3395257	43	2866	3.53
1684481435.9787507	43	2866	3.53
1684481436.6106071	34	2866	3.53
1684481437.242153	35	2866	3.53
1684481437.8714094	50	2866	3.53
1684481438.4964108	34	2866	3.53
1684481439.125017	51	2866	3.53
1684481439.758529	33	2866	3.53
1684481440.3930645	48	2866	3.53
1684481441.0280745	42	2866	3.53
1684481441.6574488	43	2866	3.53
1684481442.2895164	34	2866	3.53
1684481442.9219239	47	2866	3.53
1684481443.5539088	38	2866	3.53
1684481444.185545	39	2866	3.53
1684481444.8201811	48	2866	3.53
1684481445.4544773	33	2866	3.53
1684481446.0879304	49	2866	3.53
1684481446.7178829	49	2866	3.53
1684481447.349772	34	2866	3.53
1684481447.981425	38	2866	3.53
1684481448.613084	48	2866	3.53
1684481449.2429514	34	2866	3.53
1684481449.8767405	47	2866	3.53
1684481450.5095475	35	2866	3.53
1684481451.1353226	35	2866	3.53
1684481451.7881403	39	2866	3.53
1684481452.4202209	50	2866	3.53
1684481453.0555904	33	2866	3.53
1684481453.6939108	49	2866	3.53
1684481454.3369827	33	2866	3.53
1684481454.9815862	90	2866	3.53
1684481455.6117113	48	2866	3.53
1684481456.260862	42	2866	3.53
1684481456.9025424	35	2866	3.53
1684481457.5387597	47	2866	3.53
1684481458.178065	34	2866	3.53
1684481458.8122516	50	2866	3.53
1684481459.4447978	35	2866	3.53
1684481460.1044443	49	2866	3.53
1684481460.7458389	32	2866	3.53
1684481461.3831222	35	2866	3.53
1684481462.038469	35	2866	3.53
1684481462.673651	48	2866	3.53
1684481463.3453236	31	2866	3.53
1684481464.0038438	41	2866	3.53
1684481464.639874	38	2866	3.53
1684481465.273706	50	2866	3.53
1684481465.9231696	34	2866	3.53
1684481466.5759594	50	2866	3.53
1684481467.2295191	35	2866	3.53
1684481467.858755	42	2866	3.53
1684481468.4928522	50	2866	3.53
1684481469.1237776	45	2866	3.53
1684481469.7629938	35	2866	3.53
1684481470.4042199	50	2866	3.53
1684481471.0493875	32	2866	3.53
1684481471.6835885	43	2866	3.53
1684481472.3137932	46	2866	3.53
1684481472.9692557	45	2866	3.53
1684481473.6029537	34	2866	3.53
1684481474.2443738	42	2866	3.53
1684481474.8991349	34	2866	3.53
1684481475.5293407	50	2866	3.53
1684481476.1635413	35	2866	3.53
1684481476.8153193	48	2866	3.53
1684481477.4472594	34	2866	3.53
1684481478.0813422	48	2866	3.53
1684481478.7162204	35	2866	3.53
1684481479.3546705	49	2866	3.53
1684481479.987361	34	2866	3.53
1684481480.6176836	48	2866	3.53
1684481481.2502632	35	2866	3.53
1684481481.8830054	40	2866	3.53
1684481482.5147686	35	2866	3.53
1684481483.149128	34	2866	3.53
1684481483.7811599	33	2866	3.53
1684481484.412661	45	2866	3.53
1684481485.0580697	28	2866	3.53
1684481485.6944263	34	2866	3.53
1684481486.328363	44	2866	3.53
1684481486.9762838	33	2866	3.53
1684481487.6078951	37	2866	3.53
1684481488.2409806	31	2866	3.53
1684481488.8709996	48	2866	3.53
1684481489.5114148	35	2866	3.53
1684481490.1531534	90	2866	3.53
1684481490.787561	46	2866	3.53
1684481491.4234064	49	2866	3.53
1684481492.0538738	34	2866	3.53
1684481492.6828244	43	2866	3.53
1684481493.3145933	34	2866	3.53
1684481493.9494662	50	2866	3.53
1684481494.5820634	43	2866	3.53
1684481495.2209656	44	2866	3.53
1684481495.8552144	50	2866	3.53
1684481496.5086653	49	2866	3.53
1684481497.1620922	34	2866	3.53
1684481497.7966793	49	2866	3.53
1684481498.4271517	48	2866	3.53
1684481499.0631914	42	2866	3.53
1684481499.7149744	34	2866	3.53
1684481500.342761	48	2866	3.53
1684481500.9762404	40	2866	3.53
1684481501.6090975	50	2866	3.53
1684481502.2397916	45	2866	3.53
1684481502.875977	48	2866	3.53
1684481503.5197644	49	2866	3.53
1684481504.152884	43	2866	3.53
1684481504.7855783	34	2866	3.53
1684481505.4191093	47	2866	3.53
1684481506.048164	49	2866	3.53
1684481506.6836338	35	2866	3.53
1684481507.317542	49	2866	3.53
1684481507.950928	34	2866	3.53
1684481508.583564	39	2866	3.53
1684481509.215853	47	2866	3.53
1684481509.8490868	50	2866	3.53
1684481510.479385	43	2866	3.53
1684481511.113625	48	2866	3.53
1684481511.7485065	28	2866	3.53
1684481512.385356	32	2866	3.53
1684481513.024482	32	2866	3.53
1684481513.6556637	44	2866	3.53
1684481514.2866583	34	2866	3.53
1684481514.9168997	34	2866	3.53
1684481515.548488	42	2866	3.53
1684481516.1843853	27	2866	3.53
1684481516.8386345	49	2866	3.53
1684481517.4753478	48	2866	3.53
1684481518.1073859	34	2866	3.53
1684481518.7373545	29	2866	3.53
1684481519.370928	44	2866	3.53
1684481520.005986	24	2866	3.53
1684481520.642862	35	2866	3.53
1684481521.2770355	33	2866	3.53
1684481521.906491	47	2866	3.53
1684481522.537919	33	2866	3.53
1684481523.1659002	49	2866	3.53
1684481523.7994056	30	2866	3.53
1684481524.4322696	35	2866	3.53
1684481525.0761273	91	2866	3.53
1684481525.704664	43	2866	3.53
1684481526.3579192	34	2866	3.53
1684481526.987683	49	2866	3.53
1684481527.618304	41	2866	3.53
1684481528.2478514	49	2866	3.53
1684481528.8807862	50	2866	3.53
1684481529.5115037	43	2866	3.53
1684481530.1415567	33	2866	3.53
1684481530.770889	50	2866	3.53
1684481531.4047875	34	2866	3.53
1684481532.0498507	50	2866	3.53
1684481532.6858666	36	2866	3.53
1684481533.3249984	51	2866	3.53
1684481533.9604099	44	2866	3.53
1684481534.5931723	49	2866	3.53
1684481535.2226672	29	2866	3.53
1684481535.854327	49	2866	3.53
1684481536.4889336	35	2866	3.53
1684481537.1172397	49	2866	3.53
1684481537.7519312	40	2866	3.53
1684481538.3840396	50	2866	3.53
1684481539.0125215	34	2866	3.53
1684481539.6460383	49	2866	3.53
1684481540.278704	33	2866	3.53
1684481540.911676	47	2866	3.53
1684481541.545481	46	2866	3.53
1684481542.1804502	49	2866	3.53
1684481542.822223	50	2866	3.53
1684481543.4746928	50	2866	3.53
1684481544.1055603	32	2866	3.53
1684481544.739433	48	2866	3.53
1684481545.3733912	47	2866	3.53
1684481546.0053334	33	2866	3.53
1684481546.6379051	48	2866	3.53
1684481547.2678454	48	2866	3.53
1684481547.8976338	50	2866	3.53
1684481548.5276585	41	2866	3.53
1684481549.1618266	45	2866	3.53
1684481549.7978528	29	2866	3.53
1684481550.4356334	49	2866	3.53
1684481551.0729554	34	2866	3.53
1684481551.7041872	49	2866	3.53
1684481552.3400273	34	2866	3.53
1684481552.9715862	46	2866	3.53
1684481553.6040032	35	2866	3.53
1684481554.237112	51	2866	3.53
1684481554.8718162	34	2866	3.53
1684481555.525655	42	2866	3.53
1684481556.154585	49	2866	3.53
1684481556.8148806	47	2866	3.53
1684481557.4451017	35	2866	3.53
1684481558.1003423	49	2866	3.53
1684481558.7384093	29	2866	3.53
1684481559.373626	48	2866	3.53
1684481560.0432155	90	2866	3.53
1684481560.6822526	49	2866	3.53
1684481561.3205912	34	2866	3.53
1684481561.9584832	31	2866	3.53
1684481562.6235492	35	2866	3.53
1684481563.2538733	46	2866	3.53
1684481563.8879979	42	2866	3.53
1684481564.523558	33	2866	3.53
1684481565.1646733	50	2866	3.53
1684481565.8047137	32	2866	3.53
1684481566.4385347	34	2866	3.53
1684481567.0681455	43	2866	3.53
1684481567.6992395	42	2866	3.53
1684481568.338655	30	2866	3.53
1684481568.968423	50	2866	3.53
1684481569.6007042	33	2866	3.53
1684481570.233114	49	2866	3.53
1684481570.8708055	39	2866	3.53
1684481571.5002654	50	2866	3.53
1684481572.1533587	28	2866	3.53
1684481572.7845597	50	2866	3.53
1684481573.4163516	42	2866	3.53
1684481574.0507405	50	2866	3.53
1684481574.6834662	34	2866	3.53
1684481575.3218584	26	2866	3.53
1684481575.9535525	46	2866	3.53
1684481576.5849524	39	2866	3.53
1684481577.2174342	46	2866	3.53
1684481577.8586187	34	2866	3.53
1684481578.5073936	48	2866	3.53
1684481579.1470788	50	2866	3.53
1684481579.7759998	50	2866	3.53
1684481580.4064143	35	2866	3.53
1684481581.0384848	50	2866	3.53
1684481581.6741648	27	2866	3.53
1684481582.3047125	40	2866	3.53
1684481582.9393904	41	2866	3.53
1684481583.5715263	44	2866	3.53
1684481584.204598	34	2866	3.53
1684481584.8383312	48	2866	3.53
1684481585.4931612	34	2866	3.53
1684481586.1458993	34	2866	3.53
1684481586.7760115	44	2866	3.53
1684481587.4066598	45	2866	3.53
1684481588.0384793	35	2866	3.53
1684481588.681521	42	2866	3.53
1684481589.316288	35	2866	3.53
1684481589.9547443	32	2866	3.53
1684481590.592423	48	2866	3.53
1684481591.2231457	47	2866	3.53
1684481591.857776	33	2866	3.53
1684481592.4892116	34	2866	3.53
1684481593.1451206	49	2866	3.53
1684481593.7986689	29	2866	3.53
1684481594.4290223	48	2866	3.53
1684481595.0656965	48	2866	3.53
1684481595.704657	93	2866	3.53
1684481596.3393202	28	2866	3.53
1684481596.9743948	49	2866	3.53
1684481597.6082087	42	2866	3.53
1684481598.2445173	46	2866	3.53
1684481598.880055	33	2866	3.53
1684481599.5120394	44	2866	3.53
1684481600.1436627	33	2866	3.53
1684481600.7746935	49	2866	3.53
1684481601.4087615	40	2866	3.53
1684481602.0433955	50	2866	3.53
1684481602.6779072	46	2866	3.53
1684481603.3115144	47	2866	3.53
1684481603.9427361	34	2866	3.53
1684481604.5722258	48	2866	3.53
1684481605.2023954	49	2866	3.53
1684481605.8364463	48	2866	3.53
1684481606.471211	49	2866	3.53
1684481607.1098583	22	2866	3.53
1684481607.746453	47	2866	3.53
1684481608.3808002	37	2866	3.53
1684481609.0135658	43	2866	3.53
1684481609.6452956	33	2866	3.53
1684481610.2838173	48	2866	3.53
1684481610.9294186	34	2866	3.53
1684481611.5611668	35	2866	3.53
1684481612.1965728	43	2866	3.53
1684481612.8267305	50	2866	3.53
1684481613.457129	31	2866	3.53
1684481614.0887403	50	2866	3.53
1684481614.721702	29	2866	3.53
1684481615.355992	35	2866	3.53
1684481615.988843	44	2866	3.53
1684481616.6210387	50	2866	3.53
1684481617.2528613	35	2866	3.53
1684481617.891413	50	2866	3.53
1684481618.5230417	33	2866	3.53
1684481619.1556382	42	2866	3.53
1684481619.7926283	40	2866	3.53
1684481620.4461575	39	2866	3.53
1684481621.0828276	34	2866	3.53
1684481621.7161398	33	2866	3.53
1684481622.35095	46	2866	3.53
1684481622.9855745	34	2866	3.53
1684481623.6265998	49	2866	3.53
1684481624.2626495	35	2866	3.53
1684481624.900499	35	2866	3.53
1684481625.531375	49	2866	3.53
1684481626.1686933	35	2866	3.53
1684481626.8048966	35	2866	3.53
1684481627.439068	43	2866	3.53
1684481628.071862	33	2866	3.53
1684481628.7044604	34	2866	3.53
1684481629.3331525	49	2866	3.53
1684481629.967224	34	2866	3.53
1684481630.6047003	90	2866	3.53
1684481631.2343295	37	2866	3.53
1684481631.866586	35	2866	3.53
1684481632.5004585	49	2866	3.53
1684481633.15096	48	2866	3.53
1684481633.800315	31	2866	3.53
1684481634.4307253	40	2866	3.53
1684481635.0657442	48	2866	3.53
1684481635.7011776	34	2866	3.53
1684481636.354354	49	2866	3.53
1684481636.9931133	33	2866	3.53
1684481637.622462	49	2866	3.53
1684481638.2558167	33	2866	3.53
1684481638.8901668	49	2866	3.53
1684481639.5235956	33	2866	3.53
1684481640.1565664	48	2866	3.53
1684481640.7901344	47	2866	3.53
1684481641.421197	50	2866	3.53
1684481642.0568042	29	2866	3.53
1684481642.6886973	42	2866	3.53
1684481643.323217	43	2866	3.53
1684481643.9776015	32	2866	3.53
1684481644.6136909	40	2866	3.53
1684481645.2495658	28	2866	3.53
1684481645.8815904	49	2866	3.53
1684481646.510764	34	2866	3.53
1684481647.1438496	42	2866	3.53
1684481647.7788684	35	2866	3.53
1684481648.4316456	34	2866	3.53
1684481649.066724	34	2866	3.53
1684481649.700159	49	2866	3.53
1684481650.3286874	35	2866	3.53
1684481650.9668994	47	2866	3.53
1684481651.6008322	35	2866	3.53
1684481652.2345662	41	2866	3.53
1684481652.867506	35	2866	3.53
1684481653.4974122	49	2866	3.53
1684481654.1292918	34	2866	3.53
1684481654.7818887	49	2866	3.53
1684481655.4172585	29	2866	3.53
1684481656.095293	30	2866	3.53
1684481656.7343788	35	2866	3.53
1684481657.4057932	49	2866	3.53
1684481658.0402439	35	2866	3.53
1684481658.6731215	49	2866	3.53
1684481659.336307	35	2866	3.53
1684481659.9666896	48	2866	3.53
1684481660.6143506	50	2866	3.53
1684481661.2447257	47	2866	3.53
1684481661.8760066	32	2866	3.53
1684481662.547885	40	2866	3.53
1684481663.2134707	41	2866	3.53
1684481663.843868	49	2866	3.53
1684481664.4777586	29	2866	3.53
1684481665.1083548	49	2866	3.53
1684481665.7559633	91	2866	3.53
1684481666.3911414	74	2866	3.53
1684481667.02184	35	2866	3.53
1684481667.6520839	49	2866	3.53
1684481668.2897468	35	2866	3.53
1684481668.9354196	49	2866	3.53
1684481669.570825	35	2866	3.53
1684481670.2216084	38	2866	3.53
1684481670.8555155	35	2866	3.53
1684481671.4875753	44	2866	3.53
1684481672.1205113	32	2866	3.53
1684481672.7555263	49	2866	3.53
1684481673.3886921	35	2866	3.53
1684481674.0250359	35	2866	3.53
1684481674.6584392	49	2866	3.53
1684481675.2883325	48	2866	3.53
1684481675.9201002	28	2866	3.53
1684481676.5559373	35	2866	3.53
1684481677.2122426	50	2866	3.53
1684481677.8504999	29	2866	3.53
1684481678.4811516	50	2866	3.53
1684481679.1327527	50	2866	3.53
1684481679.765485	33	2866	3.53
1684481680.3947978	42	2866	3.53
1684481681.048447	42	2866	3.53
1684481681.6898553	34	2866	3.53
1684481682.3278449	30	2866	3.53
1684481682.9613142	49	2866	3.53
1684481683.6153893	42	2866	3.53
1684481684.2540405	29	2866	3.53
1684481684.90615	49	2866	3.53
1684481685.5418313	36	2866	3.53
1684481686.1718612	47	2866	3.53
1684481686.8009498	32	2866	3.53
1684481687.4328327	51	2866	3.53
1684481688.0866053	30	2866	3.53
1684481688.7201812	48	2866	3.53
1684481689.3747227	43	2866	3.53
1684481690.0102408	50	2866	3.53
1684481690.6389408	34	2866	3.53
1684481691.270632	49	2866	3.53
1684481691.9053903	35	2866	3.53
1684481692.5613048	49	2866	3.53
1684481693.2061148	48	2866	3.53
1684481693.8494604	35	2866	3.53
1684481694.4989924	31	2866	3.53
1684481695.1427886	49	2866	3.53
1684481695.7822192	28	2866	3.53
1684481696.4214127	50	2866	3.53
1684481697.0574784	32	2866	3.53
1684481697.6914718	50	2866	3.53
1684481698.3243692	34	2866	3.53
1684481698.9563131	50	2866	3.53
1684481699.5887165	36	2866	3.53
1684481700.220976	49	2866	3.53
1684481700.8652177	89	2866	3.53
1684481701.5166879	57	2866	3.53
1684481702.1499074	34	2866	3.53
1684481702.7840905	48	2866	3.53
1684481703.4159632	35	2866	3.53
1684481704.0509593	34	2866	3.53
1684481704.6827216	48	2866	3.53
1684481705.3132234	49	2866	3.53
1684481705.9450493	32	2866	3.53
1684481706.5722723	50	2866	3.53
1684481707.203695	28	2866	3.53
1684481707.8394191	42	2866	3.53
1684481708.4709806	34	2866	3.53
1684481709.1082873	34	2866	3.53
1684481709.7364883	35	2866	3.53
1684481710.3690376	50	2866	3.53
1684481711.001049	34	2866	3.53
1684481711.6313896	42	2866	3.53
1684481712.2667487	42	2866	3.53
1684481712.8985324	34	2866	3.53
1684481713.530927	49	2866	3.53
1684481714.1616926	33	2866	3.53
1684481714.792259	34	2866	3.53
1684481715.4492724	46	2866	3.53
1684481716.0844474	35	2866	3.53
1684481716.7312713	29	2866	3.53
1684481717.3706694	51	2866	3.53
1684481718.0014205	49	2866	3.53
1684481718.63664	26	2866	3.53
1684481719.2689424	28	2866	3.53
1684481719.8986082	50	2866	3.53
1684481720.5457647	34	2866	3.53
1684481721.1869428	43	2866	3.53
1684481721.8184257	48	2866	3.53
1684481722.469164	39	2866	3.53
1684481723.106645	31	2866	3.53
1684481723.7425683	48	2866	3.53
1684481724.3888466	35	2866	3.53
1684481725.0309944	48	2866	3.53
1684481725.6644022	42	2866	3.53
1684481726.315776	37	2866	3.53
1684481726.9690533	34	2866	3.53
1684481727.6206992	43	2866	3.53
1684481728.260236	41	2866	3.53
1684481728.8948233	36	2866	3.53
1684481729.5275066	35	2866	3.53
1684481730.1570635	49	2866	3.53
1684481730.7915237	34	2866	3.53
1684481731.4305027	49	2866	3.53
1684481732.0681407	34	2866	3.53
1684481732.7026877	50	2866	3.53
1684481733.333008	50	2866	3.53
1684481733.96402	33	2866	3.53
1684481734.5997133	30	2866	3.53
1684481735.2324104	50	2866	3.53
1684481735.8758595	87	2866	3.53
1684481736.51223	54	2866	3.53
1684481737.1462364	35	2866	3.53
1684481737.7785275	44	2866	3.53
1684481738.4090302	31	2866	3.53
1684481739.0384817	49	2866	3.53
1684481739.6712267	29	2866	3.53
1684481740.3035278	45	2866	3.53
1684481740.9387352	46	2866	3.53
1684481741.5767052	35	2866	3.53
1684481742.210026	34	2866	3.53
1684481742.8486776	49	2866	3.53
1684481743.479656	48	2866	3.53
1684481744.1357074	36	2866	3.53
1684481744.7696307	48	2866	3.53
1684481745.4042356	34	2866	3.53
1684481746.0351658	36	2866	3.53
1684481746.6702046	50	2866	3.53
1684481747.3013456	49	2866	3.53
1684481747.954806	41	2866	3.53
1684481748.5862222	50	2866	3.53
1684481749.2339842	29	2866	3.53
1684481749.8655245	48	2866	3.53
1684481750.493684	45	2866	3.53
1684481751.1504333	44	2866	3.53
1684481751.7853773	34	2866	3.53
1684481752.418089	42	2866	3.53
1684481753.0516121	35	2866	3.53
1684481753.683034	49	2866	3.53
1684481754.3853827	35	2866	3.53
1684481755.043812	45	2866	3.53
1684481755.7094884	49	2866	3.53
1684481756.343286	48	2866	3.53
1684481757.009957	40	2866	3.53
1684481757.6878026	49	2866	3.53
1684481758.3262815	49	2866	3.53
1684481758.9602494	40	2866	3.53
1684481759.613405	49	2866	3.53
1684481760.2484903	48	2866	3.53
1684481760.8839827	48	2866	3.53
1684481761.5432515	34	2866	3.53
1684481762.1738458	50	2866	3.53
1684481762.8066297	31	2866	3.53
1684481763.458739	46	2866	3.53
1684481764.097126	45	2866	3.53
1684481764.7438712	49	2866	3.53
1684481765.3776708	28	2866	3.53
1684481766.0108688	44	2866	3.53
1684481766.643505	36	2866	3.53
1684481767.274324	50	2866	3.53
1684481767.910371	50	2866	3.53
1684481768.5585732	34	2866	3.53
1684481769.1882114	49	2866	3.53
1684481769.8282614	45	2866	3.53
1684481770.4570014	48	2866	3.53
1684481771.0908732	88	2866	3.53
